@runq_us: 
[0]                13074 |@@@@@@@@@@@@@                                       |
[1]                50475 |@@@@@@@@@@@@@@@@@@@@@@@@@@@@@@@@@@@@@@@@@@@@@@@@@@@@|
[2, 4)             20912 |@@@@@@@@@@@@@@@@@@@@@                               |
[4, 8)             13348 |@@@@@@@@@@@@@                                       |
[8, 16)             2419 |@@                                                  |
[16, 32)              89 |                                                    |
[32, 64)              27 |                                                    |
[64, 128)             32 |                                                    |
[128, 256)             5 |                                                    |
[256, 512)             4 |                                                    |
[512, 1K)             10 |                                                    |
[1K, 2K)               8 |                                                    |
[2K, 4K)             276 |                                                    |

