@vic_runq_us: 
[0]               596068 |@@@@@@@@@@@@@@@@@@@@@@@@@@@@@@@@@@@@@@@@@@@@@@@@@@@@|
[1]                 1419 |                                                    |
[2, 4)              1728 |                                                    |
[4, 8)               133 |                                                    |
[8, 16)               12 |                                                    |
[16, 32)               0 |                                                    |
[32, 64)               3 |                                                    |
[64, 128)              4 |                                                    |
[128, 256)             1 |                                                    |

