epoch,monotonic,all_busy,phys_busy,smt_busy,kt_cpus_busy,cpu0,cpu1,cpu2,cpu3,cpu4,cpu5,cpu6,cpu7,cpu8,cpu9,cpu10,cpu11,cpu12,cpu13,cpu14,cpu15,cpu16,cpu17,cpu18,cpu19,cpu20,cpu21,cpu22,cpu23,cpu24,cpu25,cpu26,cpu27,cpu28,cpu29,cpu30,cpu31,cpu32,cpu33,cpu34,cpu35,cpu36,cpu37,cpu38,cpu39,cpu40,cpu41,cpu42,cpu43,cpu44,cpu45,cpu46,cpu47,cpu48,cpu49,cpu50,cpu51,cpu52,cpu53,cpu54,cpu55,cpu56,cpu57,cpu58,cpu59,cpu60,cpu61,cpu62,cpu63,cpu64,cpu65,cpu66,cpu67,cpu68,cpu69,cpu70,cpu71,cpu72,cpu73,cpu74,cpu75,cpu76,cpu77,cpu78,cpu79,cpu80,cpu81,cpu82,cpu83,cpu84,cpu85,cpu86,cpu87,cpu88,cpu89,cpu90,cpu91,cpu92,cpu93,cpu94,cpu95,cpu96,cpu97,cpu98,cpu99,cpu100,cpu101,cpu102,cpu103,cpu104,cpu105,cpu106,cpu107,cpu108,cpu109,cpu110,cpu111,cpu112,cpu113,cpu114,cpu115,cpu116,cpu117,cpu118,cpu119,cpu120,cpu121,cpu122,cpu123,cpu124,cpu125,cpu126,cpu127,cpu128,cpu129,cpu130,cpu131,cpu132,cpu133,cpu134,cpu135,cpu136,cpu137,cpu138,cpu139,cpu140,cpu141,cpu142,cpu143,cpu144,cpu145,cpu146,cpu147,cpu148,cpu149,cpu150,cpu151,cpu152,cpu153,cpu154,cpu155,cpu156,cpu157,cpu158,cpu159,cpu160,cpu161,cpu162,cpu163,cpu164,cpu165,cpu166,cpu167,cpu168,cpu169,cpu170,cpu171,cpu172,cpu173,cpu174,cpu175,cpu176,cpu177,cpu178,cpu179,cpu180,cpu181,cpu182,cpu183,cpu184,cpu185,cpu186,cpu187,cpu188,cpu189,cpu190,cpu191,cpu192,cpu193,cpu194,cpu195,cpu196,cpu197,cpu198,cpu199,cpu200,cpu201,cpu202,cpu203,cpu204,cpu205,cpu206,cpu207,cpu208,cpu209,cpu210,cpu211,cpu212,cpu213,cpu214,cpu215,cpu216,cpu217,cpu218,cpu219,cpu220,cpu221,cpu222,cpu223
1789504675.898,742677.591,8.44,6.69,10.20,5.01,41.0,3.0,50.0,1.0,1.0,2.9,14.0,2.0,3.0,1.0,13.9,15.7,1.0,1.0,3.0,1.0,1.0,2.0,0.0,0.0,0.0,1.0,0.0,4.9,0.0,1.0,14.9,1.0,13.9,0.0,14.0,3.0,0.0,4.0,0.0,3.0,0.0,1.0,1.0,2.0,10.1,2.0,0.0,1.0,0.0,5.0,2.0,1.0,0.0,1.0,5.0,5.0,1.0,14.9,32.3,32.7,4.0,22.2,5.1,1.0,8.8,1.0,14.0,2.0,5.0,7.1,14.1,13.1,2.0,13.4,2.0,1.0,1.0,1.0,0.0,13.9,0.0,0.0,0.0,2.0,0.0,13.0,1.0,0.0,2.0,2.0,2.0,14.0,0.0,5.1,3.1,13.1,1.0,14.0,1.0,2.0,4.0,15.2,0.0,5.0,3.0,14.1,15.0,0.0,1.0,3.0,1.0,1.0,0.0,2.0,62.4,80.2,14.3,5.1,17.2,1.0,15.8,2.0,1.0,3.0,1.0,14.1,2.0,2.0,3.0,2.9,3.0,2.0,14.1,2.0,1.0,2.0,3.0,15.0,8.1,18.0,16.0,10.9,3.0,17.2,2.0,3.9,13.0,4.0,15.0,14.0,14.0,2.0,4.0,2.0,1.0,16.2,2.0,8.0,13.0,14.0,1.0,2.0,15.2,14.1,15.2,15.8,3.0,15.2,2.0,1.0,28.9,32.7,3.0,19.0,2.0,4.1,2.0,3.0,1.0,3.0,3.0,3.0,3.0,2.0,14.0,3.0,15.0,15.2,15.2,15.0,16.0,1.0,15.0,15.0,15.8,14.3,15.0,2.0,14.1,14.1,6.1,5.0,15.2,2.0,15.0,5.9,5.9,1.0,16.2,5.0,15.0,15.2,14.3,0.0,16.2,2.0,1.0,2.0,2.0,15.2,16.0,15.0,17.0,5.0,16.8,17.0,100.0,73.7
1789504676.900,742678.593,4.03,3.57,4.49,2.04,32.3,1.0,1.0,0.0,2.0,1.0,1.0,1.0,3.0,17.0,2.0,0.0,1.0,16.0,2.0,0.0,1.0,5.0,1.0,3.0,1.0,1.0,1.0,1.0,0.0,0.0,0.0,0.0,8.0,1.0,2.0,1.0,0.0,5.0,1.0,1.0,1.0,1.0,1.0,1.0,1.0,0.0,10.0,1.0,5.0,2.0,3.0,0.0,0.0,1.0,4.0,1.0,2.0,0.0,25.7,44.0,4.0,0.0,2.0,2.0,0.0,2.0,1.0,3.0,1.0,2.0,2.0,2.9,1.0,3.0,1.0,0.0,2.0,0.0,1.0,0.0,0.0,1.0,1.0,1.0,1.0,2.0,0.0,0.0,12.2,3.0,1.0,1.0,1.0,3.0,5.0,2.0,0.0,1.0,0.0,0.0,0.0,1.0,0.0,1.0,0.0,2.0,1.0,0.0,2.0,0.0,0.0,1.0,0.0,0.0,43.1,66.7,1.0,2.0,2.0,1.0,2.0,2.0,7.0,0.0,1.0,1.0,1.0,1.0,1.0,2.0,0.0,1.0,3.0,1.0,1.0,0.0,0.0,0.0,3.9,100.0,2.0,2.0,3.9,2.0,1.0,1.0,1.0,2.0,1.0,2.0,1.0,1.0,1.0,1.0,3.0,1.0,5.0,1.0,1.0,18.0,2.0,2.0,1.0,1.0,1.0,1.0,1.0,0.0,2.0,1.0,31.7,44.0,2.0,1.0,1.0,2.0,2.0,3.0,3.0,2.0,1.0,1.0,1.0,0.0,2.0,2.0,1.0,0.0,0.0,1.0,2.0,1.0,1.0,0.0,0.0,1.0,2.0,1.0,1.0,2.0,1.0,1.0,2.0,3.0,0.0,0.0,0.0,1.0,0.0,0.0,1.0,1.0,3.9,0.0,1.0,1.0,2.0,1.0,1.0,2.0,2.0,1.0,1.0,2.0,1.0,0.0,100.0,65.0
1789504677.901,742679.594,4.20,3.23,5.18,1.59,32.0,4.0,1.0,0.0,0.0,0.0,0.0,0.0,9.1,0.0,0.0,0.0,1.0,0.0,2.0,0.0,0.0,2.0,0.0,3.0,0.0,0.0,1.0,0.0,0.0,0.0,1.0,0.0,0.0,1.0,0.0,0.0,0.0,2.0,2.0,0.0,1.0,0.0,0.0,0.0,2.0,1.0,0.0,0.0,1.0,4.0,5.9,0.0,1.0,1.0,2.0,0.0,1.0,1.0,44.1,51.5,4.0,3.0,3.0,2.0,2.0,4.0,1.0,4.0,3.0,1.0,1.0,1.0,0.0,2.0,1.0,0.0,0.0,1.0,1.0,0.0,0.0,0.0,0.0,2.0,1.0,0.0,1.0,0.0,2.9,3.0,1.0,0.0,1.0,5.0,3.0,1.0,1.0,0.0,1.0,0.0,13.9,2.0,1.0,4.0,2.0,0.0,0.0,3.9,1.0,1.0,1.0,0.0,2.9,0.0,43.7,50.5,1.0,5.0,1.0,1.0,3.0,6.9,2.0,2.0,2.0,1.0,3.0,2.0,3.0,2.0,2.0,1.0,2.0,2.0,2.0,3.0,2.0,2.0,3.0,100.0,1.0,3.0,1.0,2.0,2.0,1.0,2.0,2.0,1.0,1.0,0.0,1.0,1.0,2.0,2.0,1.0,3.0,1.0,2.0,1.0,5.0,2.0,2.0,3.0,3.0,4.0,2.0,2.0,4.0,3.0,40.2,47.0,2.0,2.0,10.9,3.0,5.0,3.0,2.0,1.0,1.0,1.0,2.0,3.0,1.0,1.0,2.0,4.0,3.0,1.0,2.0,4.0,2.0,3.0,3.0,2.0,1.0,3.0,3.0,3.0,3.0,4.0,3.0,3.0,1.0,2.0,1.0,1.0,3.0,1.0,3.0,3.0,1.0,1.0,3.0,3.0,1.0,2.0,2.0,1.0,3.0,2.0,3.0,3.0,2.0,4.0,100.0,45.5
1789504678.903,742680.596,3.18,2.70,3.67,1.12,28.7,1.0,0.0,0.0,1.0,1.0,1.0,0.0,5.9,1.0,0.0,1.0,0.0,1.0,0.0,1.0,0.0,1.0,1.0,0.0,0.0,0.0,0.0,16.2,0.0,0.0,0.0,0.0,0.0,0.0,0.0,0.0,0.0,0.0,1.0,1.0,0.0,0.0,0.0,0.0,0.0,0.0,0.0,3.0,0.0,0.0,0.0,1.0,0.0,0.0,0.0,0.0,1.0,1.0,42.6,48.0,1.0,0.0,1.0,3.0,0.0,0.0,0.0,2.0,2.0,3.0,1.0,1.0,1.0,3.0,0.0,1.0,0.0,0.0,0.0,1.0,0.0,0.0,1.0,0.0,0.0,1.0,0.0,0.0,2.0,1.0,2.0,0.0,0.0,4.0,2.0,3.0,1.0,2.0,0.0,0.0,2.0,1.0,1.0,2.0,3.0,0.0,2.0,0.0,0.0,0.0,2.0,0.0,0.0,1.0,37.8,52.5,0.0,1.0,0.0,0.0,2.0,0.0,1.0,1.0,0.0,0.0,1.0,0.0,0.0,0.0,0.0,0.0,0.0,0.0,0.0,0.0,0.0,0.0,0.0,83.0,1.0,0.0,1.0,0.0,0.0,0.0,0.0,0.0,2.0,1.0,3.0,2.0,0.0,0.0,0.0,0.0,2.0,0.0,0.0,0.0,0.0,1.0,0.0,2.0,0.0,0.0,2.0,0.0,2.0,0.0,39.2,49.5,1.0,2.0,1.0,2.0,1.0,2.0,2.0,2.0,1.0,3.0,0.0,0.0,2.0,2.0,1.0,2.0,1.0,1.0,1.0,1.0,2.0,1.0,1.0,0.0,3.0,1.0,1.0,0.0,2.0,2.0,0.0,1.0,0.0,1.0,1.0,0.0,0.0,1.0,0.0,0.0,1.0,2.9,1.0,1.0,2.9,1.0,1.0,1.0,0.0,1.0,0.0,1.0,0.0,2.0,100.0,53.5
1789504679.905,742681.598,4.11,4.21,4.02,2.64,31.3,2.0,0.0,1.0,1.0,0.0,0.0,1.0,1.0,1.0,1.0,0.0,1.0,1.0,0.0,0.0,2.0,1.0,2.0,1.0,1.0,7.0,1.0,100.0,1.0,0.0,0.0,0.0,1.0,0.0,0.0,1.0,0.0,4.0,1.0,1.0,1.0,0.0,6.9,1.0,1.0,0.0,2.0,1.0,0.0,5.9,1.0,6.0,1.0,1.0,2.0,8.0,1.0,1.0,49.5,46.1,4.0,3.0,2.0,0.0,1.0,5.0,1.0,2.0,3.0,3.9,2.0,2.0,4.0,1.0,3.0,1.0,1.0,1.0,0.0,1.0,0.0,0.0,2.0,0.0,0.0,0.0,0.0,2.0,1.0,3.0,3.9,2.0,1.0,2.0,2.0,1.0,2.0,0.0,1.0,1.0,1.0,3.0,2.0,4.0,1.0,1.0,0.0,0.0,0.0,1.0,0.0,1.0,0.0,1.0,45.5,45.5,2.0,2.0,2.0,2.0,1.0,2.0,5.1,0.0,0.0,0.0,4.0,1.0,2.0,2.0,1.0,2.0,1.0,2.0,4.0,4.0,1.0,1.0,11.1,1.0,1.0,1.0,2.0,1.0,4.0,2.0,1.0,2.0,2.0,18.2,1.0,1.0,2.0,0.0,2.0,1.0,1.0,2.0,1.0,1.0,2.0,3.0,1.0,1.0,1.0,1.0,1.0,1.0,1.0,2.0,42.4,41.4,4.0,3.0,1.0,4.0,3.0,3.0,3.0,3.0,2.0,0.0,3.0,2.0,1.0,1.0,0.0,1.0,1.0,1.0,1.0,1.0,1.0,0.0,1.0,3.0,1.0,2.0,1.0,2.0,2.0,3.0,2.0,2.0,2.9,2.0,3.0,2.0,1.0,2.0,3.0,2.0,0.0,1.0,2.0,3.0,0.0,2.0,1.0,1.0,3.0,1.0,1.0,1.0,12.0,1.0,100.0,48.0
1789504680.907,742682.600,3.91,3.97,3.85,2.43,36.0,2.0,0.0,0.0,2.0,2.0,1.0,0.0,2.0,14.0,4.0,2.0,1.0,2.0,1.0,1.0,2.0,2.0,0.0,1.0,0.0,1.0,1.0,100.0,0.0,0.0,2.0,0.0,0.0,0.0,1.0,4.0,2.0,1.0,2.0,1.0,1.0,1.0,1.0,1.0,1.0,1.0,0.0,1.0,1.0,0.0,0.0,2.0,1.0,0.0,1.0,1.0,0.0,0.0,49.0,44.0,2.0,0.0,1.0,1.0,2.0,1.0,2.0,3.0,2.0,1.0,1.0,1.0,1.0,2.0,0.0,0.0,1.0,2.0,0.0,1.0,0.0,1.0,0.0,0.0,0.0,0.0,0.0,2.0,2.0,10.9,1.0,1.0,1.0,3.0,3.0,3.0,0.0,2.0,0.0,0.0,1.0,1.0,0.0,2.0,0.0,1.0,0.0,0.0,0.0,0.0,0.0,1.0,0.0,0.0,37.0,51.5,1.0,0.0,0.0,0.0,10.0,1.0,7.9,1.0,1.0,17.8,1.0,0.0,1.0,0.0,1.0,1.0,1.0,0.0,1.0,3.0,0.0,9.0,1.0,0.0,0.0,1.0,2.0,1.0,7.0,2.0,1.0,1.0,5.0,1.0,0.0,0.0,1.0,1.0,3.0,0.0,0.0,0.0,1.0,2.0,0.0,0.0,3.0,1.0,1.0,0.0,1.0,1.0,1.0,1.0,40.2,49.0,2.0,1.0,2.0,0.0,1.0,0.0,1.0,3.0,1.0,2.0,7.1,1.0,3.0,3.0,3.0,1.0,0.0,2.0,2.0,0.0,0.0,1.0,1.0,0.0,0.0,0.0,0.0,1.0,2.0,1.0,3.0,1.0,2.0,0.0,1.0,1.0,0.0,1.0,1.0,4.0,1.0,1.0,1.0,0.0,3.0,2.0,0.0,3.0,0.0,1.0,1.0,13.0,5.1,2.0,100.0,57.7
1789504681.908,742683.602,4.05,4.38,3.72,2.69,35.0,2.0,0.0,1.0,14.0,0.0,2.0,1.0,2.0,1.0,2.0,0.0,2.0,1.0,5.0,1.0,3.0,1.0,1.0,0.0,0.0,0.0,1.0,100.0,0.0,2.0,1.0,2.0,2.0,2.0,1.0,1.0,0.0,1.0,4.0,0.0,1.0,0.0,2.0,1.0,0.0,1.0,1.0,0.0,0.0,0.0,0.0,0.0,0.0,1.0,1.0,13.0,1.0,1.0,44.0,44.1,2.0,0.0,1.0,3.0,1.0,1.0,2.0,1.0,4.0,2.0,2.0,0.0,2.0,4.0,2.0,1.0,0.0,0.0,0.0,2.0,0.0,2.0,4.0,6.0,3.0,1.0,0.0,0.0,3.0,0.0,2.0,1.0,1.0,3.0,3.0,2.0,1.0,0.0,2.0,0.0,0.0,0.0,0.0,2.0,3.0,2.0,2.0,1.0,0.0,0.0,1.0,1.0,1.0,0.0,71.3,41.2,7.9,0.0,0.0,1.0,0.0,7.1,3.0,0.0,0.0,1.0,1.0,1.0,1.0,0.0,0.0,0.0,1.0,0.0,1.0,1.0,0.0,2.0,2.0,0.0,3.0,8.0,1.0,0.0,2.0,1.0,2.0,0.0,1.0,1.0,2.0,1.0,1.0,1.0,2.0,0.0,0.0,1.0,1.0,1.0,0.0,2.0,2.0,1.0,0.0,1.0,0.0,2.0,1.0,2.9,49.5,44.6,4.1,1.0,2.0,2.0,3.0,2.0,1.0,1.0,2.0,1.0,5.1,3.0,3.0,3.0,1.0,2.0,0.0,3.0,2.0,23.2,1.0,7.1,5.1,2.0,0.0,1.0,1.0,0.0,1.0,0.0,1.0,1.0,2.0,3.0,2.0,1.0,1.0,1.0,1.0,0.0,1.0,0.0,0.0,1.0,1.0,0.0,2.0,1.0,1.0,0.0,2.0,12.0,2.0,8.0,77.7,48.0
1789504682.910,742684.603,3.34,4.22,2.46,2.13,31.0,1.0,2.0,0.0,0.0,0.0,1.0,1.0,0.0,0.0,0.0,2.0,0.0,0.0,0.0,1.0,0.0,0.0,0.0,0.0,1.0,0.0,0.0,100.0,1.0,0.0,0.0,0.0,1.0,0.0,0.0,0.0,0.0,0.0,5.1,0.0,0.0,2.0,0.0,0.0,0.0,0.0,0.0,0.0,0.0,0.0,1.0,0.0,0.0,0.0,0.0,0.0,0.0,0.0,47.0,42.4,4.0,3.9,2.0,1.0,0.0,0.0,2.0,1.0,1.0,0.0,0.0,9.8,0.0,1.0,2.0,1.0,0.0,2.0,1.0,1.0,0.0,10.2,4.0,1.0,3.0,1.0,2.9,0.0,1.0,1.0,1.0,1.0,1.0,2.0,1.0,2.0,0.0,1.0,0.0,0.0,1.0,2.0,0.0,3.0,3.0,1.0,0.0,0.0,2.0,1.0,0.0,1.0,0.0,0.0,100.0,53.5,1.0,3.0,1.0,0.0,1.0,0.0,0.0,1.0,2.0,2.0,0.0,0.0,0.0,0.0,2.9,0.0,1.0,1.0,0.0,0.0,0.0,0.0,0.0,0.0,2.0,1.0,1.0,0.0,0.0,0.0,0.0,2.0,0.0,0.0,0.0,0.0,0.0,0.0,0.0,0.0,1.0,0.0,0.0,0.0,1.0,1.0,0.0,0.0,1.0,0.0,2.0,1.0,1.0,1.0,48.5,40.6,5.0,3.0,1.0,2.0,0.0,1.0,1.0,0.0,1.0,1.0,2.0,2.0,2.0,1.0,3.0,2.0,3.9,0.0,0.0,2.0,1.0,2.0,1.0,1.0,1.0,1.0,0.0,0.0,0.0,1.0,1.0,1.0,2.0,1.0,0.0,1.0,2.0,1.0,0.0,1.0,1.0,2.0,2.0,2.0,0.0,1.0,1.0,1.0,0.0,2.0,0.0,0.0,2.0,3.0,40.2,47.5
1789504683.913,742685.606,7.56,8.10,7.02,6.05,30.3,6.1,6.1,7.0,7.0,9.9,9.1,9.1,9.9,8.0,8.0,7.9,8.9,6.0,6.9,8.0,7.9,7.0,7.0,6.0,6.1,8.9,8.0,100.0,8.1,8.1,8.0,9.1,9.1,7.8,8.9,9.0,9.0,6.0,6.9,10.8,7.1,8.1,9.9,9.1,7.9,10.9,6.1,9.9,13.0,10.0,9.0,8.0,6.9,7.9,7.1,7.9,9.9,7.9,51.0,46.1,3.0,0.0,1.0,2.0,0.0,3.0,0.0,1.0,3.0,2.0,2.0,0.0,6.9,1.0,6.0,0.0,0.0,1.0,5.0,1.0,6.0,2.0,1.0,1.0,0.0,1.0,0.0,0.0,1.0,6.1,1.0,1.0,0.0,3.0,8.0,2.0,2.0,1.0,0.0,1.0,1.0,4.0,5.1,2.0,1.0,5.1,2.0,1.0,0.0,0.0,0.0,0.0,0.0,1.0,100.0,55.9,11.0,10.1,9.1,9.9,9.0,8.9,7.0,7.0,7.0,8.2,9.9,9.1,9.0,10.0,8.2,9.0,9.1,10.0,9.0,10.0,10.0,9.0,9.9,9.8,6.1,7.1,7.9,9.8,8.9,10.9,8.9,8.1,9.9,10.0,9.9,6.9,9.9,7.9,6.1,7.9,9.0,6.1,9.1,6.0,7.1,6.1,12.0,8.0,10.9,9.9,8.2,8.2,6.1,7.1,52.5,45.6,1.0,5.1,1.0,8.8,7.1,4.1,2.0,3.0,0.0,0.0,1.0,1.0,3.0,3.0,0.0,1.0,1.0,4.0,2.0,1.0,5.0,1.0,1.0,0.0,1.0,5.1,1.0,0.0,2.0,3.0,7.9,0.0,0.0,6.1,1.0,2.0,6.1,2.0,1.0,2.0,1.0,1.0,0.0,0.0,3.0,1.0,1.0,2.0,1.0,1.0,0.0,1.0,1.0,12.1,39.6,58.0
1789504684.915,742686.608,6.62,7.19,6.06,5.35,28.0,8.9,7.8,6.0,8.1,5.0,5.0,5.0,5.0,6.0,5.9,6.1,6.0,7.0,6.1,5.9,7.0,6.9,6.9,7.0,7.0,5.0,6.0,100.0,6.9,5.9,5.0,4.0,5.0,8.0,5.9,5.9,4.0,8.0,7.0,3.0,6.9,5.9,3.0,4.0,6.0,4.0,6.9,3.0,5.0,3.0,6.0,5.0,2.0,7.0,6.0,6.0,4.0,0.0,29.0,37.6,6.1,2.0,1.0,2.0,1.0,5.9,4.0,3.0,7.1,2.0,3.0,3.0,8.1,2.0,9.0,2.0,1.0,2.0,9.0,1.0,8.9,1.0,0.0,1.0,1.0,0.0,1.0,0.0,4.0,8.9,1.0,2.0,1.0,3.0,8.9,1.0,1.0,2.0,1.0,1.0,0.0,9.0,8.0,3.0,2.0,9.0,1.0,1.0,1.0,0.0,1.0,0.0,0.0,1.0,100.0,60.6,6.9,5.0,5.0,5.1,6.9,6.1,7.0,6.1,6.1,5.0,5.0,5.9,5.1,4.0,5.0,5.0,5.0,4.0,5.0,4.0,5.0,5.1,5.0,5.1,4.0,7.0,8.1,7.0,6.0,4.0,6.0,5.9,2.0,4.0,3.1,8.0,5.1,6.0,7.9,7.0,5.0,7.9,4.0,8.0,6.9,9.7,3.0,5.1,4.0,5.0,5.0,5.0,7.9,6.0,34.0,47.5,8.0,9.1,6.1,7.1,9.0,11.7,3.0,1.0,3.0,3.0,1.0,2.0,2.0,7.1,2.0,3.0,1.0,6.1,1.0,3.0,1.0,0.0,1.0,0.0,1.0,9.9,2.0,2.0,1.0,0.0,8.0,1.0,2.0,9.0,3.0,1.0,9.0,2.0,5.0,1.0,0.0,2.0,0.0,1.0,1.0,0.0,1.0,1.0,2.0,1.0,5.1,2.0,1.0,10.0,49.1,72.3
1789504685.917,742687.610,3.49,4.21,2.78,2.26,29.7,0.0,0.0,1.0,0.0,0.0,0.0,0.0,0.0,0.0,0.0,1.0,0.0,0.0,0.0,0.0,0.0,0.0,0.0,1.0,1.0,0.0,0.0,100.0,0.0,0.0,1.0,1.0,0.0,0.0,0.0,0.0,1.0,0.0,2.0,1.0,0.0,0.0,0.0,0.0,0.0,0.0,1.0,1.0,5.0,5.9,0.0,0.0,2.0,1.0,0.0,2.0,0.0,0.0,32.7,35.3,2.0,0.0,2.9,3.0,2.0,0.0,2.0,3.0,2.0,2.0,0.0,1.0,2.0,2.9,1.0,0.0,3.0,1.0,1.0,2.0,0.0,0.0,1.0,9.0,0.0,1.0,1.0,2.0,0.0,2.0,2.0,2.0,2.0,3.0,3.0,4.0,1.0,2.0,1.0,0.0,0.0,0.0,3.9,2.0,2.0,2.9,2.0,1.0,1.0,0.0,0.0,1.0,1.0,1.0,100.0,59.6,0.0,0.0,1.0,1.0,2.0,0.0,2.0,1.0,0.0,1.0,0.0,2.0,1.0,3.0,1.0,1.0,1.0,0.0,1.0,2.0,0.0,2.0,2.0,0.0,1.0,1.0,1.0,0.0,1.0,1.0,11.0,1.0,1.0,0.0,0.0,2.0,2.0,0.0,1.0,0.0,0.0,1.0,1.0,1.0,0.0,0.0,1.0,2.0,1.0,0.0,1.0,0.0,0.0,1.0,34.0,45.1,1.0,2.9,1.0,0.0,1.0,0.0,3.0,3.0,0.0,0.0,2.0,0.0,2.0,1.0,2.0,2.0,3.0,2.0,1.0,1.0,1.0,1.0,0.0,5.0,0.0,0.0,1.0,2.0,1.0,3.0,1.0,2.0,2.0,1.0,0.0,0.0,0.0,1.0,0.0,1.0,2.0,0.0,2.0,3.9,2.0,2.0,1.0,2.0,1.0,3.0,2.0,1.0,1.0,1.0,38.6,64.0
1789504686.919,742688.612,3.24,3.91,2.57,1.92,28.0,2.0,0.0,0.0,1.0,0.0,0.0,0.0,0.0,0.0,0.0,1.0,0.0,0.0,0.0,1.0,0.0,0.0,0.0,0.0,0.0,0.0,0.0,100.0,0.0,0.0,0.0,0.0,2.0,0.0,0.0,0.0,0.0,0.0,1.0,0.0,0.0,0.0,0.0,0.0,0.0,0.0,0.0,1.0,0.0,0.0,0.0,0.0,1.0,0.0,1.0,1.0,0.0,0.0,31.0,41.0,2.0,1.0,0.0,2.0,0.0,2.0,7.0,1.0,1.0,1.0,2.0,1.0,0.0,1.0,1.0,2.0,1.0,1.0,0.0,4.0,0.0,0.0,1.0,5.0,0.0,1.0,1.0,0.0,0.0,0.0,1.0,2.0,2.0,1.0,1.0,2.0,2.0,0.0,2.0,0.0,2.9,0.0,0.0,6.1,3.9,0.0,1.0,1.0,0.0,0.0,1.0,0.0,1.0,0.0,100.0,57.8,0.0,1.0,1.0,0.0,1.0,0.0,0.0,3.0,2.0,0.0,1.0,0.0,2.9,0.0,0.0,0.0,1.0,1.0,0.0,0.0,1.0,1.0,0.0,0.0,1.0,2.0,1.0,0.0,0.0,0.0,0.0,0.0,3.0,2.0,0.0,0.0,2.0,1.0,0.0,1.0,1.0,2.0,1.0,0.0,0.0,0.0,0.0,0.0,0.0,0.0,0.0,0.0,1.0,1.0,36.6,38.0,1.0,1.0,2.0,2.9,2.0,3.0,0.0,2.0,1.0,2.0,2.0,3.9,1.0,1.0,1.0,2.0,1.0,2.0,0.0,2.9,1.0,2.0,1.0,0.0,1.0,1.0,0.0,0.0,1.0,2.0,0.0,0.0,2.0,1.0,1.0,2.0,3.0,1.0,2.0,2.0,0.0,0.0,0.0,5.0,3.0,0.0,0.0,4.0,0.0,0.0,1.0,1.0,0.0,1.0,37.6,69.6
1789504687.922,742689.615,3.95,5.41,2.49,3.36,29.3,4.0,2.0,3.0,1.0,2.0,2.0,2.0,2.0,2.0,2.0,2.0,2.0,2.0,2.0,2.0,1.0,1.0,1.0,1.0,2.9,2.0,2.0,32.0,2.0,2.0,1.0,2.0,3.0,1.0,2.0,2.0,2.0,2.0,1.0,66.3,1.0,2.0,2.0,2.0,2.0,2.0,2.0,1.0,1.0,1.0,2.0,2.0,1.0,2.0,2.0,2.0,3.0,3.0,29.3,49.5,1.0,3.0,3.0,4.0,2.0,3.0,3.0,3.0,3.0,3.0,3.0,3.0,2.0,3.0,2.0,3.0,1.0,2.0,2.0,2.0,2.0,3.0,3.0,1.0,4.9,2.0,1.0,2.0,3.0,2.0,3.0,2.0,2.0,5.9,4.0,4.0,2.0,3.0,2.0,2.0,2.0,3.0,2.0,3.0,2.0,3.0,3.0,3.0,2.0,3.0,3.0,1.0,3.0,2.0,100.0,64.1,0.0,1.0,2.0,0.0,2.0,3.0,1.0,1.0,1.0,2.9,0.0,0.0,1.0,0.0,0.0,0.0,1.0,1.0,1.0,0.0,1.0,1.0,1.0,0.0,0.0,0.0,0.0,2.0,1.0,0.0,1.0,0.0,0.0,0.0,1.0,1.0,0.0,0.0,0.0,0.0,0.0,0.0,0.0,0.0,1.0,1.0,1.0,0.0,0.0,0.0,0.0,0.0,1.0,0.0,31.4,36.6,1.0,1.0,1.0,0.0,0.0,0.0,3.0,1.0,2.0,1.0,1.0,1.0,1.0,3.0,0.0,0.0,0.0,1.0,1.0,0.0,1.0,1.0,4.0,2.0,0.0,0.0,1.0,1.0,3.0,2.0,2.0,1.0,2.0,3.0,2.0,1.0,2.9,1.0,1.0,1.0,2.0,2.0,1.0,1.0,1.0,3.0,3.0,1.0,0.0,2.0,0.0,4.0,0.0,1.0,43.7,66.0
1789504688.927,742690.620,50.46,94.37,6.55,95.03,96.0,95.0,95.0,94.9,95.0,95.0,95.0,95.0,95.0,95.0,94.9,95.0,95.0,95.0,95.0,95.0,95.0,95.0,95.0,95.0,95.0,94.9,95.0,95.0,95.0,95.0,95.0,95.0,95.0,95.0,95.0,95.0,95.0,95.0,95.0,95.0,95.0,95.0,95.0,95.1,95.0,95.0,95.0,95.0,95.0,95.0,95.0,95.0,95.0,95.0,95.0,95.0,95.0,95.0,71.7,50.5,95.1,95.0,95.0,95.0,95.0,95.0,95.0,95.0,95.1,95.0,95.0,95.0,95.0,95.0,95.0,95.0,95.0,95.0,95.0,95.0,95.0,95.0,95.0,95.0,95.0,94.9,95.0,95.0,95.0,95.0,95.0,95.0,95.0,95.0,95.0,95.0,95.0,95.0,95.0,95.0,95.0,95.0,95.0,95.1,95.0,95.0,95.0,95.0,95.0,95.0,95.0,95.0,95.0,95.0,100.0,84.2,12.0,4.0,1.0,3.0,2.0,4.0,1.0,1.0,2.0,4.0,3.0,2.0,3.0,3.1,1.0,2.0,1.0,2.0,0.0,2.0,1.0,1.0,3.0,0.0,2.0,4.0,0.0,1.0,1.0,2.0,2.0,3.0,3.0,2.0,1.0,2.0,3.0,2.0,2.0,0.0,2.0,1.0,1.0,2.0,1.0,0.0,2.0,2.0,9.9,3.0,4.0,2.0,3.0,3.0,92.9,33.0,8.2,10.1,5.2,5.3,6.2,8.1,7.1,6.2,7.1,9.1,6.2,6.2,6.2,6.2,7.1,9.9,5.1,5.2,6.9,6.1,4.1,6.1,5.1,5.1,4.1,5.1,6.1,6.1,4.1,8.0,6.1,6.1,5.2,6.1,7.1,8.1,6.2,6.2,5.2,4.1,4.1,5.2,5.1,6.1,7.1,5.2,8.0,6.2,7.0,6.0,7.0,4.1,3.1,5.1,80.8,72.0
1789504689.930,742691.624,53.30,99.28,7.32,100.00,100.0,100.0,100.0,100.0,100.0,100.0,100.0,100.0,100.0,100.0,100.0,100.0,100.0,100.0,100.0,100.0,100.0,100.0,100.0,100.0,100.0,100.0,100.0,100.0,100.0,100.0,100.0,100.0,100.0,100.0,100.0,100.0,100.0,100.0,100.0,100.0,100.0,100.0,100.0,100.0,100.0,100.0,100.0,100.0,100.0,100.0,100.0,100.0,100.0,100.0,100.0,100.0,100.0,100.0,29.3,90.0,100.0,100.0,100.0,100.0,100.0,100.0,100.0,100.0,100.0,100.0,100.0,100.0,100.0,100.0,100.0,100.0,100.0,100.0,100.0,100.0,100.0,100.0,100.0,100.0,100.0,100.0,100.0,100.0,100.0,100.0,100.0,100.0,100.0,100.0,100.0,100.0,100.0,100.0,100.0,100.0,100.0,100.0,100.0,100.0,100.0,100.0,100.0,100.0,100.0,100.0,100.0,100.0,100.0,100.0,100.0,100.0,10.0,3.0,3.0,3.1,1.0,2.1,1.0,1.0,1.0,0.0,4.0,1.0,3.0,4.0,4.0,4.0,1.0,1.0,1.0,3.0,2.0,2.0,1.0,2.9,3.1,2.0,2.0,2.0,2.0,0.0,9.1,0.0,0.0,5.1,1.0,1.0,1.0,2.0,1.0,1.0,0.0,0.0,1.0,1.0,3.9,19.0,3.9,1.0,9.0,2.0,1.0,2.0,4.0,4.0,55.6,60.4,9.2,5.3,10.2,6.2,7.2,8.3,5.3,10.2,7.3,7.3,8.1,9.1,7.3,7.1,12.1,5.3,6.2,9.1,7.2,6.1,6.2,6.2,5.2,5.1,7.0,5.2,3.1,6.2,6.2,9.2,7.1,9.2,9.1,8.3,6.2,9.2,7.2,6.2,8.2,7.1,9.1,7.1,5.2,6.2,6.2,10.2,7.3,10.1,9.2,7.3,8.2,7.2,8.2,6.2,92.1,69.0
1789504690.935,742692.628,46.21,84.64,7.78,84.94,89.0,85.0,85.0,85.0,85.1,85.1,85.0,85.1,85.1,85.0,85.1,85.1,85.0,85.0,85.1,85.0,85.1,85.1,85.1,85.0,85.0,85.1,85.0,84.3,85.0,85.0,85.0,85.0,85.0,85.1,85.0,85.0,85.1,85.1,85.1,84.8,85.0,85.0,85.1,84.8,85.0,85.0,85.0,85.1,85.1,85.1,85.0,85.0,85.0,85.1,85.1,85.0,85.0,85.0,32.0,82.2,85.0,85.0,84.2,85.0,85.0,85.0,85.0,85.0,85.0,85.0,85.0,85.0,84.2,85.0,85.0,84.2,84.3,85.0,85.0,85.0,84.8,85.0,85.0,85.0,84.2,85.0,84.0,85.0,85.0,85.0,85.0,85.0,85.0,85.0,85.0,85.0,85.0,85.0,84.2,85.0,84.2,85.0,84.2,84.2,84.0,85.0,85.0,84.2,85.0,84.2,84.3,85.0,84.2,85.0,100.0,91.9,12.1,1.1,3.1,1.1,8.9,5.1,5.2,6.1,6.9,6.1,1.1,7.0,8.9,6.1,8.2,6.1,3.2,6.1,2.1,0.0,6.1,2.1,2.1,7.0,10.0,8.0,9.6,9.0,4.2,5.1,1.1,1.1,8.8,4.1,1.1,6.1,7.1,15.1,1.1,7.0,2.1,6.9,2.1,9.0,4.1,7.1,7.0,3.1,7.0,1.1,8.0,2.1,7.0,3.2,84.0,10.3,6.2,6.1,8.2,10.2,8.1,7.1,6.1,5.2,6.1,7.1,4.2,4.1,7.1,7.1,4.2,6.2,6.1,6.2,5.2,4.1,5.1,5.1,6.1,5.1,5.3,5.0,4.1,5.1,5.1,4.2,6.2,10.1,6.1,7.0,5.2,5.2,5.2,5.1,4.1,5.1,6.1,5.2,7.1,6.2,9.0,9.0,5.1,7.1,6.2,7.1,7.1,8.2,5.1,9.0,63.6,92.0
1789504691.938,742693.631,53.89,99.30,8.48,100.00,100.0,100.0,100.0,100.0,100.0,100.0,100.0,100.0,100.0,100.0,100.0,100.0,100.0,100.0,100.0,100.0,100.0,100.0,100.0,100.0,100.0,100.0,100.0,100.0,100.0,100.0,100.0,100.0,100.0,100.0,100.0,100.0,100.0,100.0,100.0,100.0,100.0,100.0,100.0,100.0,100.0,100.0,100.0,100.0,100.0,100.0,100.0,100.0,100.0,100.0,100.0,100.0,100.0,100.0,41.1,85.1,100.0,100.0,100.0,100.0,100.0,100.0,100.0,100.0,100.0,100.0,100.0,100.0,100.0,100.0,100.0,100.0,100.0,100.0,100.0,100.0,100.0,100.0,100.0,100.0,100.0,100.0,100.0,100.0,100.0,100.0,100.0,100.0,100.0,100.0,100.0,100.0,100.0,100.0,100.0,100.0,100.0,100.0,100.0,100.0,100.0,100.0,100.0,100.0,100.0,100.0,100.0,100.0,100.0,100.0,100.0,95.1,17.8,9.3,7.2,8.2,7.4,8.4,11.0,10.1,5.3,4.3,9.2,9.3,7.4,9.4,8.3,5.3,6.4,9.2,4.3,5.3,7.2,3.3,2.2,10.9,8.2,2.2,5.4,4.3,9.2,7.3,12.9,12.9,5.3,8.3,4.3,7.3,8.3,3.3,6.2,5.3,2.2,9.6,7.2,1.1,8.2,4.3,10.2,4.3,4.3,12.2,8.3,8.6,5.4,9.3,85.9,38.8,6.1,4.1,4.1,6.1,12.1,5.1,4.1,5.1,3.1,6.1,5.1,5.1,4.1,4.0,5.1,6.1,3.1,5.9,3.1,5.0,3.1,4.0,4.0,4.1,3.0,1.0,5.0,3.0,3.1,4.1,3.1,3.1,4.0,3.1,3.0,4.0,3.1,3.1,5.9,5.1,3.1,4.0,6.1,6.0,8.0,5.2,4.1,6.1,5.1,4.1,4.0,6.1,5.1,3.1,92.0,97.0
1789504692.942,742694.635,53.17,99.15,7.19,100.00,100.0,100.0,100.0,100.0,100.0,100.0,100.0,100.0,100.0,100.0,100.0,100.0,100.0,100.0,100.0,100.0,100.0,100.0,100.0,100.0,100.0,100.0,100.0,100.0,100.0,100.0,100.0,100.0,100.0,100.0,100.0,100.0,100.0,100.0,100.0,100.0,100.0,100.0,100.0,100.0,100.0,100.0,100.0,100.0,100.0,100.0,100.0,100.0,100.0,100.0,100.0,100.0,100.0,100.0,86.1,44.4,100.0,100.0,100.0,100.0,100.0,100.0,100.0,100.0,100.0,100.0,100.0,100.0,100.0,100.0,100.0,100.0,100.0,100.0,100.0,100.0,100.0,100.0,100.0,100.0,100.0,100.0,100.0,100.0,100.0,100.0,100.0,100.0,100.0,100.0,100.0,100.0,100.0,100.0,100.0,100.0,100.0,100.0,100.0,100.0,100.0,100.0,100.0,100.0,100.0,100.0,100.0,100.0,100.0,100.0,76.0,98.0,14.3,7.0,4.0,3.0,4.0,2.0,2.0,0.0,0.0,2.0,1.0,1.0,2.0,1.0,2.0,1.0,4.0,3.0,4.9,3.0,2.0,3.0,2.0,3.0,6.1,5.0,11.0,15.0,3.0,2.0,1.0,2.0,1.0,1.0,0.0,0.0,1.0,6.9,1.0,2.0,1.0,3.0,3.0,3.0,1.0,2.0,1.0,10.9,4.9,3.0,2.0,3.9,4.0,3.0,81.0,64.6,6.2,5.1,5.1,5.2,6.1,5.1,4.0,7.0,5.1,6.1,4.1,4.1,6.1,5.2,5.1,5.1,7.9,4.1,3.1,3.1,6.0,4.0,4.1,5.1,5.1,6.1,2.0,5.2,5.1,10.2,5.9,4.1,5.1,6.0,5.0,6.1,6.0,6.0,2.1,19.0,6.0,8.1,4.1,5.1,6.1,7.1,6.0,5.1,1.1,4.1,4.1,7.1,7.1,5.1,88.0,100.0
1789504693.945,742695.638,52.49,98.78,6.21,100.00,100.0,100.0,100.0,100.0,100.0,100.0,100.0,100.0,100.0,100.0,100.0,100.0,100.0,100.0,100.0,100.0,100.0,100.0,100.0,100.0,100.0,100.0,100.0,100.0,100.0,100.0,100.0,100.0,100.0,100.0,100.0,100.0,100.0,100.0,100.0,100.0,100.0,100.0,100.0,100.0,100.0,100.0,100.0,100.0,100.0,100.0,100.0,100.0,100.0,100.0,100.0,100.0,100.0,100.0,50.0,49.5,100.0,100.0,100.0,100.0,100.0,100.0,100.0,100.0,100.0,100.0,100.0,100.0,100.0,100.0,100.0,100.0,100.0,100.0,100.0,100.0,100.0,100.0,100.0,100.0,100.0,100.0,100.0,100.0,100.0,100.0,100.0,100.0,100.0,100.0,100.0,100.0,100.0,100.0,100.0,100.0,100.0,100.0,100.0,100.0,100.0,100.0,100.0,100.0,100.0,100.0,100.0,100.0,100.0,100.0,64.6,99.0,5.0,7.0,3.0,2.0,4.0,2.0,0.0,0.0,1.0,1.0,0.0,2.0,1.0,1.0,2.0,1.0,0.0,2.0,0.0,0.0,1.0,2.0,1.0,1.0,0.0,2.0,1.0,1.0,0.0,0.0,0.0,0.0,0.0,0.0,5.0,2.9,1.0,0.0,2.0,1.0,3.0,0.0,0.0,0.0,0.0,2.0,1.0,0.0,1.0,1.0,1.0,0.0,1.0,1.0,93.0,100.0,5.1,7.0,5.2,7.0,5.1,6.2,7.0,5.1,7.1,5.2,6.1,4.1,5.1,4.1,4.1,7.0,4.1,4.0,6.0,6.0,4.0,3.0,2.1,3.1,4.0,5.1,4.0,4.0,4.0,5.0,3.1,5.1,4.0,3.1,2.1,3.1,5.1,4.1,4.0,3.0,4.1,5.0,5.1,4.0,3.0,5.0,4.0,4.0,5.9,5.9,4.0,4.0,5.0,4.0,89.0,99.0
1789504694.948,742696.641,53.00,98.82,7.18,100.00,100.0,100.0,100.0,100.0,100.0,100.0,100.0,100.0,100.0,100.0,100.0,100.0,100.0,100.0,100.0,100.0,100.0,100.0,100.0,100.0,100.0,100.0,100.0,100.0,100.0,100.0,100.0,100.0,100.0,100.0,100.0,100.0,100.0,100.0,100.0,100.0,100.0,100.0,100.0,100.0,100.0,100.0,100.0,100.0,100.0,100.0,100.0,100.0,100.0,100.0,100.0,100.0,100.0,100.0,62.4,61.6,100.0,100.0,100.0,100.0,100.0,100.0,100.0,100.0,100.0,100.0,100.0,100.0,100.0,100.0,100.0,100.0,100.0,100.0,100.0,100.0,100.0,100.0,100.0,100.0,100.0,100.0,100.0,100.0,100.0,100.0,100.0,100.0,100.0,100.0,100.0,100.0,100.0,100.0,100.0,100.0,100.0,100.0,100.0,100.0,100.0,100.0,100.0,100.0,100.0,100.0,100.0,100.0,100.0,100.0,43.6,100.0,7.0,3.0,1.0,2.0,1.0,3.0,4.0,3.0,3.0,4.0,3.0,3.0,2.0,0.0,0.0,2.0,3.1,2.0,9.0,2.0,4.0,1.0,3.0,1.0,2.0,1.0,1.0,5.1,0.0,3.0,2.0,2.0,4.0,2.0,12.1,0.0,1.0,3.0,2.0,2.0,1.0,1.0,8.9,2.0,3.9,1.0,2.0,2.0,1.0,0.0,1.0,2.0,3.0,3.0,98.0,100.0,6.1,7.1,7.0,6.1,3.1,13.1,4.1,4.1,5.1,6.1,4.1,5.1,8.9,6.1,9.0,4.2,7.1,6.1,7.0,10.0,4.1,4.1,4.1,5.0,4.1,3.1,5.1,4.1,4.1,3.1,4.1,4.1,3.1,3.1,4.0,1.0,4.0,5.0,3.1,6.0,5.0,6.0,8.1,6.0,4.1,5.1,5.1,5.1,6.1,5.1,6.1,5.1,5.1,6.1,85.0,95.0
1789504695.952,742697.645,53.08,98.62,7.55,100.00,100.0,100.0,100.0,100.0,100.0,100.0,100.0,100.0,100.0,100.0,100.0,100.0,100.0,100.0,100.0,100.0,100.0,100.0,100.0,100.0,100.0,100.0,100.0,100.0,100.0,100.0,100.0,100.0,100.0,100.0,100.0,100.0,100.0,100.0,100.0,100.0,100.0,100.0,100.0,100.0,100.0,100.0,100.0,100.0,100.0,100.0,100.0,100.0,100.0,100.0,100.0,100.0,100.0,100.0,99.0,29.0,100.0,100.0,100.0,100.0,100.0,100.0,100.0,100.0,100.0,100.0,100.0,100.0,100.0,100.0,100.0,100.0,100.0,100.0,100.0,100.0,100.0,100.0,100.0,100.0,100.0,100.0,100.0,100.0,100.0,100.0,100.0,100.0,100.0,100.0,100.0,100.0,100.0,100.0,100.0,100.0,100.0,100.0,100.0,100.0,100.0,100.0,100.0,100.0,100.0,100.0,100.0,100.0,100.0,100.0,17.2,100.0,4.1,3.0,2.0,2.0,2.0,1.0,4.0,1.0,5.0,3.0,5.0,2.0,2.0,3.0,3.0,5.0,2.0,4.0,1.0,1.0,0.0,2.0,16.8,2.0,3.0,2.0,2.0,1.0,3.0,2.0,1.0,29.7,0.0,2.0,3.0,2.0,2.0,3.0,1.0,5.0,2.0,3.9,2.0,3.0,1.0,1.0,2.0,3.0,1.0,2.0,1.0,1.0,3.0,4.0,99.0,100.0,4.1,5.1,6.1,4.1,5.1,11.9,3.1,5.1,10.0,5.1,8.1,5.1,3.1,5.1,5.1,6.1,7.1,7.0,6.1,4.1,5.1,4.1,6.0,7.1,6.0,4.1,4.1,6.0,5.1,5.0,5.0,6.0,3.1,5.1,5.1,7.1,9.2,2.1,4.1,3.1,4.1,4.0,5.1,3.1,5.1,4.1,5.1,5.1,5.1,4.0,2.0,5.2,4.1,6.1,99.0,99.0
1789504696.955,742698.648,53.61,99.58,7.64,100.00,100.0,100.0,100.0,100.0,100.0,100.0,100.0,100.0,100.0,100.0,100.0,100.0,100.0,100.0,100.0,100.0,100.0,100.0,100.0,100.0,100.0,100.0,100.0,100.0,100.0,100.0,100.0,100.0,100.0,100.0,100.0,100.0,100.0,100.0,100.0,100.0,100.0,100.0,100.0,100.0,100.0,100.0,100.0,100.0,100.0,100.0,100.0,100.0,100.0,100.0,100.0,100.0,100.0,100.0,63.0,90.9,100.0,100.0,100.0,100.0,100.0,100.0,100.0,100.0,100.0,100.0,100.0,100.0,100.0,100.0,100.0,100.0,100.0,100.0,100.0,100.0,100.0,100.0,100.0,100.0,100.0,100.0,100.0,100.0,100.0,100.0,100.0,100.0,100.0,100.0,100.0,100.0,100.0,100.0,100.0,100.0,100.0,100.0,100.0,100.0,100.0,100.0,100.0,100.0,100.0,100.0,100.0,100.0,100.0,100.0,99.0,100.0,24.2,5.0,5.0,2.0,4.0,3.0,2.0,2.0,1.0,1.0,3.0,2.0,3.0,3.0,2.0,3.0,0.0,2.0,2.0,10.2,1.0,2.0,1.0,2.0,4.0,1.0,1.0,2.0,2.0,1.0,1.0,23.2,3.0,2.0,4.0,2.0,1.0,2.0,3.0,2.0,4.0,1.0,3.0,2.0,1.0,2.0,9.1,0.0,2.0,1.0,4.0,3.0,4.0,3.0,71.7,100.0,7.1,8.2,7.1,4.1,5.1,3.2,5.2,5.1,5.1,5.1,5.1,3.1,5.1,5.1,4.2,5.2,5.2,4.1,7.1,5.1,5.1,5.1,5.1,4.1,6.1,4.1,7.1,3.1,5.1,5.2,5.1,4.1,8.1,5.1,3.1,4.1,7.9,5.1,4.1,4.1,4.1,60.4,5.1,7.1,5.1,6.1,4.1,6.1,9.1,8.2,6.1,6.1,6.1,5.1,100.0,61.2
1789504697.958,742699.652,52.92,98.92,6.91,100.00,100.0,100.0,100.0,100.0,100.0,100.0,100.0,100.0,100.0,100.0,100.0,100.0,100.0,100.0,100.0,100.0,100.0,100.0,100.0,100.0,100.0,100.0,100.0,100.0,100.0,100.0,100.0,100.0,100.0,100.0,100.0,100.0,100.0,100.0,100.0,100.0,100.0,100.0,100.0,100.0,100.0,100.0,100.0,100.0,100.0,100.0,100.0,100.0,100.0,100.0,100.0,100.0,100.0,100.0,28.3,66.0,100.0,100.0,100.0,100.0,100.0,100.0,100.0,100.0,100.0,100.0,100.0,100.0,100.0,100.0,100.0,100.0,100.0,100.0,100.0,100.0,100.0,100.0,100.0,100.0,100.0,100.0,100.0,100.0,100.0,100.0,100.0,100.0,100.0,100.0,100.0,100.0,100.0,100.0,100.0,100.0,100.0,100.0,100.0,100.0,100.0,100.0,100.0,100.0,100.0,100.0,100.0,100.0,100.0,100.0,85.1,100.0,6.0,1.0,2.0,2.0,5.0,2.0,3.0,2.0,6.0,0.0,1.0,2.0,3.0,3.0,2.0,3.0,4.0,1.0,2.0,2.0,2.0,1.0,2.0,1.0,3.0,2.0,2.0,3.0,20.4,1.0,3.9,2.0,2.0,6.9,1.0,1.0,2.0,1.0,1.0,1.0,2.0,3.9,0.0,1.0,3.0,2.0,1.0,1.0,3.0,1.0,2.0,2.0,4.0,2.0,61.6,100.0,6.0,5.2,5.1,6.1,5.1,5.1,9.0,4.1,3.1,7.0,3.1,4.0,2.1,4.1,8.0,6.1,8.1,6.1,5.1,8.0,4.1,3.0,3.1,4.0,6.1,4.0,5.1,5.1,11.1,4.1,5.1,5.0,9.1,5.1,5.9,4.0,5.1,3.1,3.1,2.1,4.0,1.0,5.1,6.0,3.1,3.1,4.1,9.8,4.1,6.1,4.1,7.0,3.1,6.1,99.0,100.0
1789504698.962,742700.655,54.76,99.06,10.47,100.00,100.0,100.0,100.0,100.0,100.0,100.0,100.0,100.0,100.0,100.0,100.0,100.0,100.0,100.0,100.0,100.0,100.0,100.0,100.0,100.0,100.0,100.0,100.0,100.0,100.0,100.0,100.0,100.0,100.0,100.0,100.0,100.0,100.0,100.0,100.0,100.0,100.0,100.0,100.0,100.0,100.0,100.0,100.0,100.0,100.0,100.0,100.0,100.0,100.0,100.0,100.0,100.0,100.0,100.0,37.8,57.0,100.0,100.0,100.0,100.0,100.0,100.0,100.0,100.0,100.0,100.0,100.0,100.0,100.0,100.0,100.0,100.0,100.0,100.0,100.0,100.0,100.0,100.0,100.0,100.0,100.0,100.0,100.0,100.0,100.0,100.0,100.0,100.0,100.0,100.0,100.0,100.0,100.0,100.0,100.0,100.0,100.0,100.0,100.0,100.0,100.0,100.0,100.0,100.0,100.0,100.0,100.0,100.0,100.0,100.0,100.0,100.0,13.9,6.1,6.1,10.0,6.0,5.1,6.2,7.9,6.1,6.9,6.0,5.1,5.1,5.1,7.1,7.9,5.1,7.0,9.0,6.1,4.0,5.0,5.0,6.0,6.1,5.1,5.1,10.9,5.9,6.0,5.1,4.0,6.0,6.1,6.0,6.9,6.1,8.1,5.1,5.1,5.1,7.0,5.1,6.1,7.0,6.0,6.9,6.0,6.9,8.0,5.1,6.0,6.0,4.1,86.1,100.0,10.2,10.0,8.2,10.1,10.3,8.1,9.3,7.2,12.1,7.1,10.1,8.1,9.9,13.1,8.1,10.1,13.3,7.1,7.1,9.2,8.1,8.0,9.0,7.2,8.0,7.3,8.9,10.0,12.0,10.1,7.1,7.1,11.1,6.2,8.1,7.2,8.2,9.1,9.9,9.0,9.0,6.1,7.1,11.0,10.1,9.1,7.1,7.1,7.1,10.1,8.1,10.2,8.2,9.1,74.7,91.1
1789504699.966,742701.659,47.32,87.70,6.95,88.52,92.9,89.0,88.9,88.1,88.2,88.1,88.1,88.0,88.1,88.9,88.1,89.0,88.9,88.1,88.1,89.0,89.0,89.0,88.1,88.8,89.0,88.1,89.0,89.0,88.1,88.9,88.0,89.0,88.0,88.9,88.1,88.1,88.0,88.9,88.0,88.1,89.0,88.2,89.0,88.1,88.1,89.0,88.1,88.1,88.1,89.0,88.1,89.0,88.9,88.9,88.1,88.1,89.0,88.1,29.3,72.7,88.0,88.1,89.0,88.1,88.1,89.0,88.1,88.1,88.0,89.0,88.0,88.1,89.0,89.0,88.1,88.9,88.9,88.1,88.1,88.1,88.9,88.1,89.0,88.1,89.0,88.1,89.0,89.0,88.1,88.1,88.1,88.0,88.1,88.9,88.0,88.0,88.0,88.1,88.9,88.1,89.0,89.0,89.0,89.0,89.0,88.1,88.1,89.0,88.0,89.0,89.0,88.1,88.9,88.0,60.0,100.0,11.1,5.0,4.0,4.0,2.0,5.0,4.0,2.0,3.0,2.0,3.0,3.0,4.0,3.0,2.0,1.0,2.0,1.0,1.0,3.0,4.0,2.0,1.0,2.0,2.0,1.0,2.0,12.0,2.0,2.0,2.0,3.0,1.0,3.0,1.0,2.0,4.0,3.0,1.0,5.8,2.0,2.0,3.0,1.0,2.0,2.0,2.0,1.0,4.0,3.0,3.0,1.0,1.0,5.0,85.9,100.0,7.1,6.1,6.1,7.0,7.1,5.1,4.0,2.1,5.0,3.1,4.1,3.1,1.0,20.2,6.1,4.1,9.1,5.1,6.1,3.1,4.0,4.1,5.1,5.0,2.0,4.1,4.1,5.1,5.2,5.1,6.1,5.2,4.1,7.0,4.1,6.0,4.1,5.1,4.1,5.0,4.0,4.0,21.2,4.1,6.1,5.1,3.1,3.1,4.0,4.1,8.1,8.1,7.1,7.1,84.0,58.0
1789504700.970,742702.663,53.12,98.48,7.76,100.00,100.0,100.0,100.0,100.0,100.0,100.0,100.0,100.0,100.0,100.0,100.0,100.0,100.0,100.0,100.0,100.0,100.0,100.0,100.0,100.0,100.0,100.0,100.0,100.0,100.0,100.0,100.0,100.0,100.0,100.0,100.0,100.0,100.0,100.0,100.0,100.0,100.0,100.0,100.0,100.0,100.0,100.0,100.0,100.0,100.0,100.0,100.0,100.0,100.0,100.0,100.0,100.0,100.0,100.0,39.6,86.3,100.0,100.0,100.0,100.0,100.0,100.0,100.0,100.0,100.0,100.0,100.0,100.0,100.0,100.0,100.0,100.0,100.0,100.0,100.0,100.0,100.0,100.0,100.0,100.0,100.0,100.0,100.0,100.0,100.0,100.0,100.0,100.0,100.0,100.0,100.0,100.0,100.0,100.0,100.0,100.0,100.0,100.0,100.0,100.0,100.0,100.0,100.0,100.0,100.0,100.0,100.0,100.0,100.0,100.0,35.7,68.7,3.0,4.0,2.1,2.0,2.1,3.1,3.0,4.0,3.0,2.0,2.0,2.0,2.0,1.0,1.0,2.0,4.0,3.0,4.0,2.0,1.0,2.0,4.0,2.0,3.0,1.0,3.0,1.0,1.0,3.0,0.0,2.0,2.0,3.0,4.0,3.0,2.1,2.0,4.0,2.0,3.0,5.0,3.1,3.0,0.0,1.0,3.1,5.1,4.0,0.0,1.0,3.0,3.0,1.0,86.0,100.0,6.2,8.3,6.2,7.2,8.2,5.2,6.1,8.1,5.2,5.2,7.1,7.1,5.1,6.1,7.1,6.2,6.1,4.1,6.1,6.1,4.2,7.1,5.2,8.1,5.1,8.2,8.1,5.3,10.1,9.2,7.1,10.1,9.1,6.2,6.1,5.2,8.0,5.2,7.1,4.2,5.2,6.2,7.1,9.1,7.1,9.1,9.2,5.2,5.2,6.2,7.2,8.2,20.2,8.2,85.1,87.0
1789504701.973,742703.666,53.38,98.61,8.14,100.00,100.0,100.0,100.0,100.0,100.0,100.0,100.0,100.0,100.0,100.0,100.0,100.0,100.0,100.0,100.0,100.0,100.0,100.0,100.0,100.0,100.0,100.0,100.0,100.0,100.0,100.0,100.0,100.0,100.0,100.0,100.0,100.0,100.0,100.0,100.0,100.0,100.0,100.0,100.0,100.0,100.0,100.0,100.0,100.0,100.0,100.0,100.0,100.0,100.0,100.0,100.0,100.0,100.0,100.0,34.7,100.0,100.0,100.0,100.0,100.0,100.0,100.0,100.0,100.0,100.0,100.0,100.0,100.0,100.0,100.0,100.0,100.0,100.0,100.0,100.0,100.0,100.0,100.0,100.0,100.0,100.0,100.0,100.0,100.0,100.0,100.0,100.0,100.0,100.0,100.0,100.0,100.0,100.0,100.0,100.0,100.0,100.0,100.0,100.0,100.0,100.0,100.0,100.0,100.0,100.0,100.0,100.0,100.0,100.0,100.0,69.7,40.2,7.0,1.0,2.0,2.0,0.0,3.1,1.0,1.0,1.0,3.0,4.0,2.0,2.0,3.0,3.0,1.0,3.0,2.0,3.0,2.0,2.0,2.0,0.0,1.0,1.0,2.0,0.0,0.0,2.0,1.0,9.9,1.0,1.0,16.0,2.0,1.0,3.0,3.0,1.0,1.0,3.0,1.0,6.9,4.0,6.0,1.0,3.0,2.0,2.0,2.0,2.0,4.1,1.0,0.0,92.1,100.0,9.1,6.1,8.2,6.2,5.2,6.2,43.4,5.2,5.2,7.1,5.1,4.2,6.2,6.2,12.4,8.1,24.2,8.2,29.3,5.1,11.2,4.2,7.1,5.2,5.2,7.1,5.1,5.1,5.2,5.2,5.3,9.1,6.2,6.2,7.2,6.1,4.3,6.2,5.2,6.1,5.1,5.1,4.2,9.1,5.2,5.2,6.1,7.1,6.1,7.1,8.1,7.1,5.2,5.2,73.5,93.1
1789504702.976,742704.669,45.21,82.82,7.60,83.40,88.1,83.2,83.0,84.0,84.0,83.8,84.0,83.8,83.2,83.0,84.0,83.0,83.0,84.2,84.0,83.2,83.0,83.2,83.2,83.0,83.2,83.0,83.2,83.0,83.2,83.0,83.0,83.0,83.0,83.2,84.0,83.2,83.8,83.0,84.0,83.2,83.0,83.8,83.0,83.8,83.8,83.2,83.0,82.8,83.8,83.2,83.0,86.1,83.2,84.0,83.2,87.0,83.2,83.2,40.8,80.0,83.8,83.0,84.0,83.0,83.0,83.0,86.0,83.0,83.0,82.2,83.0,83.0,83.0,82.2,83.0,83.0,83.0,83.2,83.2,83.0,82.2,83.2,82.4,83.0,83.2,83.0,87.0,82.2,83.0,83.0,83.2,88.0,83.0,82.2,83.0,83.2,83.0,83.2,83.0,83.2,83.2,82.2,83.0,83.0,83.3,83.0,83.8,83.2,84.0,83.0,84.0,83.0,83.0,83.2,69.3,78.6,9.1,7.1,2.0,1.0,3.0,4.0,3.0,3.0,3.0,55.4,3.0,2.0,2.0,1.0,5.1,2.0,24.0,2.0,1.0,7.1,1.0,4.0,1.0,1.0,0.0,1.0,1.0,1.0,4.0,2.0,0.0,3.0,1.0,1.0,0.0,3.0,1.0,1.0,4.0,3.0,3.0,4.0,1.0,1.0,4.0,4.0,4.0,3.0,3.0,4.0,1.0,1.0,3.0,3.0,74.7,100.0,7.2,8.1,5.3,5.1,3.1,6.1,10.2,4.1,6.1,4.1,4.1,6.0,5.1,6.1,5.2,4.1,5.0,4.1,5.1,4.1,5.1,7.0,4.1,3.1,5.1,7.1,4.2,5.1,11.2,5.1,7.9,7.2,5.1,6.1,7.1,6.1,7.0,16.2,6.1,6.1,7.1,21.0,7.1,7.1,7.1,5.1,5.1,6.1,5.2,5.1,4.1,5.1,5.2,6.2,42.4,85.9
1789504703.979,742705.672,52.47,99.24,5.70,100.00,100.0,100.0,100.0,100.0,100.0,100.0,100.0,100.0,100.0,100.0,100.0,100.0,100.0,100.0,100.0,100.0,100.0,100.0,100.0,100.0,100.0,100.0,100.0,100.0,100.0,100.0,100.0,100.0,100.0,100.0,100.0,100.0,100.0,100.0,100.0,100.0,100.0,100.0,100.0,100.0,100.0,100.0,100.0,100.0,100.0,100.0,100.0,100.0,100.0,100.0,100.0,100.0,100.0,100.0,99.0,63.0,100.0,100.0,100.0,100.0,100.0,100.0,100.0,100.0,100.0,100.0,100.0,100.0,100.0,100.0,100.0,100.0,100.0,100.0,100.0,100.0,100.0,100.0,100.0,100.0,100.0,100.0,100.0,100.0,100.0,100.0,100.0,100.0,100.0,100.0,100.0,100.0,100.0,100.0,100.0,100.0,100.0,100.0,100.0,100.0,100.0,100.0,100.0,100.0,100.0,100.0,100.0,100.0,100.0,100.0,89.9,63.4,9.0,12.0,3.0,2.0,0.0,2.0,0.0,2.0,3.0,0.0,1.0,2.0,1.0,0.0,1.0,1.0,1.0,1.0,0.0,1.0,2.0,1.0,1.0,1.0,1.0,2.0,0.0,2.0,0.0,0.0,2.0,1.0,0.0,1.0,1.0,2.0,0.0,2.9,2.0,1.0,1.0,2.0,1.0,3.9,2.0,2.0,1.0,2.0,0.0,2.0,1.0,0.0,1.0,1.0,93.1,100.0,9.1,7.0,8.8,4.1,4.0,8.0,3.1,5.1,4.1,6.1,4.0,4.0,3.1,3.0,5.9,3.1,1.0,4.0,2.0,4.0,4.0,4.0,4.0,4.0,1.0,3.0,4.0,4.0,4.0,4.0,3.1,5.0,4.1,5.1,4.0,5.0,3.1,3.0,2.1,5.9,3.0,1.0,3.1,2.0,4.0,6.0,3.1,6.0,4.0,4.0,6.0,4.1,6.9,5.1,73.0,59.4
1789504704.983,742706.676,52.77,98.88,6.65,100.00,100.0,100.0,100.0,100.0,100.0,100.0,100.0,100.0,100.0,100.0,100.0,100.0,100.0,100.0,100.0,100.0,100.0,100.0,100.0,100.0,100.0,100.0,100.0,100.0,100.0,100.0,100.0,100.0,100.0,100.0,100.0,100.0,100.0,100.0,100.0,100.0,100.0,100.0,100.0,100.0,100.0,100.0,100.0,100.0,100.0,100.0,100.0,100.0,100.0,100.0,100.0,100.0,100.0,100.0,95.0,40.8,100.0,100.0,100.0,100.0,100.0,100.0,100.0,100.0,100.0,100.0,100.0,100.0,100.0,100.0,100.0,100.0,100.0,100.0,100.0,100.0,100.0,100.0,100.0,100.0,100.0,100.0,100.0,100.0,100.0,100.0,100.0,100.0,100.0,100.0,100.0,100.0,100.0,100.0,100.0,100.0,100.0,100.0,100.0,100.0,100.0,100.0,100.0,100.0,100.0,100.0,100.0,100.0,100.0,100.0,70.3,68.7,5.9,8.0,2.0,3.0,2.0,3.0,3.0,2.0,3.0,1.0,2.0,1.0,1.0,2.0,1.0,1.0,0.0,1.0,3.0,1.0,2.0,2.0,3.0,0.0,1.0,2.0,2.0,1.0,2.0,1.0,2.0,2.0,2.0,3.0,3.0,2.0,3.0,2.0,2.0,2.0,2.0,0.0,1.0,2.0,2.0,1.0,3.0,2.0,4.0,2.0,1.0,3.9,2.0,1.0,98.0,100.0,9.1,11.1,7.1,6.1,5.1,4.1,4.0,4.1,6.1,5.1,5.1,5.1,5.0,2.1,2.1,5.0,4.1,5.0,5.1,4.0,3.1,5.1,5.1,6.0,5.1,5.1,4.0,3.1,5.1,4.1,6.1,4.0,5.0,6.0,6.1,4.1,4.0,3.1,4.1,5.1,4.1,5.0,5.0,2.1,3.1,5.0,4.1,4.0,3.1,6.1,5.1,4.0,4.1,8.9,92.0,81.6
1789504705.986,742707.679,52.72,98.82,6.63,100.00,100.0,100.0,100.0,100.0,100.0,100.0,100.0,100.0,100.0,100.0,100.0,100.0,100.0,100.0,100.0,100.0,100.0,100.0,100.0,100.0,100.0,100.0,100.0,100.0,100.0,100.0,100.0,100.0,100.0,100.0,100.0,100.0,100.0,100.0,100.0,100.0,100.0,100.0,100.0,100.0,100.0,100.0,100.0,100.0,100.0,100.0,100.0,100.0,100.0,100.0,100.0,100.0,100.0,100.0,99.0,30.7,100.0,100.0,100.0,100.0,100.0,100.0,100.0,100.0,100.0,100.0,100.0,100.0,100.0,100.0,100.0,100.0,100.0,100.0,100.0,100.0,100.0,100.0,100.0,100.0,100.0,100.0,100.0,100.0,100.0,100.0,100.0,100.0,100.0,100.0,100.0,100.0,100.0,100.0,100.0,100.0,100.0,100.0,100.0,100.0,100.0,100.0,100.0,100.0,100.0,100.0,100.0,100.0,100.0,100.0,45.5,93.0,4.0,0.0,3.0,1.0,1.0,2.0,0.0,4.0,0.0,2.0,2.0,3.0,3.0,1.0,1.0,2.0,3.0,1.0,3.0,4.9,2.0,0.0,0.0,2.0,2.0,1.0,0.0,9.9,2.0,3.0,2.0,1.0,2.0,2.9,1.0,2.0,2.0,3.0,4.0,2.0,3.0,1.0,2.0,2.0,1.0,2.0,1.0,1.0,3.0,2.0,2.9,2.0,1.0,0.0,97.0,100.0,11.1,5.2,5.1,8.0,6.1,6.1,4.1,5.1,4.1,5.1,4.0,4.1,5.1,4.1,4.1,1.0,4.0,3.0,2.0,3.1,4.0,5.0,4.1,6.1,4.0,6.1,3.1,4.1,3.1,4.0,3.1,5.1,4.1,4.1,5.1,5.9,5.1,5.1,5.9,4.0,5.0,5.0,5.0,6.0,5.0,4.1,7.0,4.1,4.0,3.2,4.1,6.1,6.1,4.1,99.0,83.2
1789504706.989,742708.682,54.03,99.34,8.71,100.00,100.0,100.0,100.0,100.0,100.0,100.0,100.0,100.0,100.0,100.0,100.0,100.0,100.0,100.0,100.0,100.0,100.0,100.0,100.0,100.0,100.0,100.0,100.0,100.0,100.0,100.0,100.0,100.0,100.0,100.0,100.0,100.0,100.0,100.0,100.0,100.0,100.0,100.0,100.0,100.0,100.0,100.0,100.0,100.0,100.0,100.0,100.0,100.0,100.0,100.0,100.0,100.0,100.0,100.0,100.0,26.5,100.0,100.0,100.0,100.0,100.0,100.0,100.0,100.0,100.0,100.0,100.0,100.0,100.0,100.0,100.0,100.0,100.0,100.0,100.0,100.0,100.0,100.0,100.0,100.0,100.0,100.0,100.0,100.0,100.0,100.0,100.0,100.0,100.0,100.0,100.0,100.0,100.0,100.0,100.0,100.0,100.0,100.0,100.0,100.0,100.0,100.0,100.0,100.0,100.0,100.0,100.0,100.0,100.0,100.0,100.0,100.0,14.1,8.1,6.9,6.0,7.9,4.1,4.0,6.1,3.0,3.1,3.0,7.1,8.1,8.1,7.1,7.0,7.9,7.1,4.1,5.1,3.0,6.0,4.0,5.9,3.0,4.0,3.0,4.0,5.9,4.0,5.0,4.0,3.0,2.0,3.0,5.1,7.9,5.1,5.9,4.0,4.0,5.0,4.0,6.1,5.1,5.1,5.0,4.0,9.0,6.1,5.1,3.0,7.0,4.0,97.1,100.0,7.3,8.1,6.1,9.1,7.1,8.2,8.0,4.1,4.1,12.1,8.1,4.1,5.1,7.0,5.1,7.1,4.1,6.1,5.1,6.0,6.1,6.1,6.9,6.1,6.1,31.6,10.9,7.1,4.1,2.1,5.1,4.1,5.1,3.1,6.1,6.1,6.1,5.1,5.1,6.2,3.1,4.1,7.1,7.1,9.1,8.1,7.1,7.1,12.1,10.9,8.1,6.2,5.1,5.2,98.0,21.0
1789504707.993,742709.686,53.04,99.30,6.78,100.00,100.0,100.0,100.0,100.0,100.0,100.0,100.0,100.0,100.0,100.0,100.0,100.0,100.0,100.0,100.0,100.0,100.0,100.0,100.0,100.0,100.0,100.0,100.0,100.0,100.0,100.0,100.0,100.0,100.0,100.0,100.0,100.0,100.0,100.0,100.0,100.0,100.0,100.0,100.0,100.0,100.0,100.0,100.0,100.0,100.0,100.0,100.0,100.0,100.0,100.0,100.0,100.0,100.0,100.0,100.0,29.3,100.0,100.0,100.0,100.0,100.0,100.0,100.0,100.0,100.0,100.0,100.0,100.0,100.0,100.0,100.0,100.0,100.0,100.0,100.0,100.0,100.0,100.0,100.0,100.0,100.0,100.0,100.0,100.0,100.0,100.0,100.0,100.0,100.0,100.0,100.0,100.0,100.0,100.0,100.0,100.0,100.0,100.0,100.0,100.0,100.0,100.0,100.0,100.0,100.0,100.0,100.0,100.0,100.0,100.0,93.1,99.0,7.0,17.0,5.1,3.0,0.0,2.0,2.0,3.0,3.0,2.9,1.0,3.9,8.9,2.0,3.0,2.0,3.0,0.0,3.0,0.0,3.0,1.0,3.0,0.0,0.0,2.0,0.0,1.0,0.0,1.0,1.0,4.0,1.0,1.0,1.0,1.0,2.0,1.0,13.0,1.0,2.0,1.0,3.0,1.0,1.0,3.0,2.0,3.0,4.0,1.0,3.0,0.0,3.0,2.0,97.0,100.0,8.0,6.2,8.0,7.2,7.1,1.0,4.1,4.0,4.0,3.1,4.0,5.1,3.1,5.1,5.1,6.0,4.1,6.0,7.0,4.1,6.1,5.1,3.1,4.1,8.0,5.0,5.2,3.1,4.1,5.1,5.1,3.1,4.0,4.0,5.1,2.1,25.0,6.1,18.2,4.0,4.0,3.1,4.1,4.0,4.0,4.0,8.0,6.0,5.0,5.1,6.0,6.1,7.1,8.0,99.0,23.2
1789504708.996,742710.689,52.73,99.26,6.20,100.00,100.0,100.0,100.0,100.0,100.0,100.0,100.0,100.0,100.0,100.0,100.0,100.0,100.0,100.0,100.0,100.0,100.0,100.0,100.0,100.0,100.0,100.0,100.0,100.0,100.0,100.0,100.0,100.0,100.0,100.0,100.0,100.0,100.0,100.0,100.0,100.0,100.0,100.0,100.0,100.0,100.0,100.0,100.0,100.0,100.0,100.0,100.0,100.0,100.0,100.0,100.0,100.0,100.0,100.0,100.0,31.6,100.0,100.0,100.0,100.0,100.0,100.0,100.0,100.0,100.0,100.0,100.0,100.0,100.0,100.0,100.0,100.0,100.0,100.0,100.0,100.0,100.0,100.0,100.0,100.0,100.0,100.0,100.0,100.0,100.0,100.0,100.0,100.0,100.0,100.0,100.0,100.0,100.0,100.0,100.0,100.0,100.0,100.0,100.0,100.0,100.0,100.0,100.0,100.0,100.0,100.0,100.0,100.0,100.0,100.0,86.9,99.0,7.9,2.0,5.0,3.0,2.0,2.0,1.0,0.0,1.0,1.0,1.0,1.0,2.0,2.9,3.0,4.0,2.0,3.0,1.0,3.0,3.0,1.0,1.0,3.0,3.0,2.0,2.0,1.0,2.9,1.0,1.0,3.0,0.0,1.0,1.0,4.0,1.0,1.0,1.0,1.0,4.0,2.0,3.0,1.0,3.0,1.0,1.0,2.0,2.0,3.0,3.0,4.9,2.0,2.0,90.9,100.0,8.1,6.1,6.1,11.1,7.0,7.0,4.1,5.1,5.1,4.1,4.0,5.1,6.1,6.1,4.1,4.1,5.1,3.1,4.1,3.1,7.1,5.1,6.1,4.0,4.1,4.1,5.1,4.0,6.0,4.0,2.1,5.1,3.1,3.1,4.1,5.1,3.1,4.0,4.0,3.1,5.0,4.0,4.0,3.1,1.0,4.1,6.0,3.1,2.1,3.1,5.1,6.1,6.1,5.1,100.0,36.0
1789504709.999,742711.692,53.67,99.12,8.21,100.00,100.0,100.0,100.0,100.0,100.0,100.0,100.0,100.0,100.0,100.0,100.0,100.0,100.0,100.0,100.0,100.0,100.0,100.0,100.0,100.0,100.0,100.0,100.0,100.0,100.0,100.0,100.0,100.0,100.0,100.0,100.0,100.0,100.0,100.0,100.0,100.0,100.0,100.0,100.0,100.0,100.0,100.0,100.0,100.0,100.0,100.0,100.0,100.0,100.0,100.0,100.0,100.0,100.0,100.0,100.0,48.0,100.0,100.0,100.0,100.0,100.0,100.0,100.0,100.0,100.0,100.0,100.0,100.0,100.0,100.0,100.0,100.0,100.0,100.0,100.0,100.0,100.0,100.0,100.0,100.0,100.0,100.0,100.0,100.0,100.0,100.0,100.0,100.0,100.0,100.0,100.0,100.0,100.0,100.0,100.0,100.0,100.0,100.0,100.0,100.0,100.0,100.0,100.0,100.0,100.0,100.0,100.0,100.0,100.0,100.0,85.1,68.3,6.1,4.0,2.0,1.0,5.0,5.0,5.0,2.0,1.0,3.0,12.0,3.0,3.0,3.0,4.0,4.0,3.0,3.0,3.0,2.0,3.0,3.0,3.9,3.0,5.1,3.0,2.0,3.0,34.3,3.0,6.0,16.2,7.0,6.0,4.0,11.0,3.0,4.0,8.0,5.0,5.0,4.0,3.0,3.0,3.0,4.0,2.1,2.0,3.0,5.0,4.1,10.1,1.0,9.0,97.0,100.0,5.1,5.2,5.2,6.1,8.2,4.1,5.1,5.1,12.2,4.1,5.2,4.1,8.1,3.1,7.0,4.1,3.1,5.1,3.1,6.0,4.1,6.1,4.1,6.2,5.1,6.1,8.1,7.0,5.1,6.1,6.1,5.1,6.0,6.1,7.1,5.1,4.1,5.1,2.1,5.9,6.1,3.1,4.1,4.0,5.1,3.1,2.1,7.1,7.0,8.2,14.1,8.2,13.1,6.2,92.1,54.0
1789504711.002,742712.695,52.56,97.91,7.21,99.11,100.0,99.0,99.0,99.0,99.0,99.0,99.0,99.0,99.0,99.0,99.0,99.0,99.0,99.0,99.0,99.0,99.0,99.0,99.0,99.0,99.0,99.0,99.0,99.0,99.0,99.0,99.0,99.0,99.0,99.0,99.0,100.0,99.0,99.0,99.0,99.0,99.0,99.0,99.0,99.0,99.0,99.0,99.0,99.0,99.0,99.0,100.0,99.0,99.0,99.0,99.0,99.0,99.0,100.0,95.0,73.0,99.0,99.0,99.0,99.0,100.0,99.0,99.0,99.0,99.0,100.0,100.0,100.0,99.0,100.0,99.0,99.0,99.0,99.0,99.0,99.0,99.0,99.0,100.0,99.0,99.0,99.0,99.0,99.0,99.0,99.0,100.0,99.0,99.0,99.0,99.0,99.0,99.0,99.0,99.0,99.0,99.0,99.0,99.0,99.0,99.0,99.0,99.0,99.0,99.0,99.0,99.0,99.0,99.0,99.0,28.0,66.7,9.0,3.0,3.0,2.0,1.0,3.0,2.0,3.0,3.0,2.0,2.0,2.0,1.0,2.0,2.0,2.0,2.0,4.9,2.0,1.0,2.0,5.0,2.0,2.0,1.0,2.0,1.0,1.0,8.1,2.0,20.0,2.0,1.0,1.0,0.0,1.0,1.0,0.0,1.0,2.0,1.0,1.0,1.0,9.9,0.0,2.0,5.0,2.0,21.2,2.0,2.0,2.0,4.0,24.2,100.0,100.0,6.1,7.0,7.0,5.1,4.1,5.1,4.1,4.0,3.0,4.0,7.0,5.1,4.1,5.0,4.0,5.1,5.0,18.2,4.0,3.0,3.1,3.1,3.1,5.9,5.1,2.1,5.1,5.0,3.1,4.0,6.0,4.0,3.1,5.1,5.1,14.3,4.0,4.0,4.0,3.1,4.1,5.0,4.0,2.0,3.0,5.0,4.0,6.0,3.1,6.0,4.1,5.1,14.1,8.0,64.9,81.8
1789504712.006,742713.699,52.45,96.88,8.03,97.70,98.0,98.0,98.0,97.0,97.0,97.0,98.0,98.0,98.0,98.0,97.1,98.0,98.0,98.0,97.0,98.0,98.0,97.1,98.0,98.0,98.0,98.0,98.0,98.0,98.0,97.0,98.0,98.0,98.0,98.0,97.0,97.0,97.0,98.0,97.0,98.0,98.0,97.0,98.0,97.0,97.0,98.0,98.0,98.0,97.0,98.0,97.0,98.0,97.0,98.0,98.0,98.0,98.0,97.0,37.0,79.0,97.0,98.0,97.1,98.0,97.0,97.0,98.0,98.0,98.0,97.1,97.0,97.0,98.0,97.0,98.0,97.1,98.0,98.0,98.0,98.0,98.0,98.0,97.0,98.0,97.0,98.0,98.0,98.0,98.0,98.0,97.0,98.0,98.0,98.0,98.0,98.0,98.0,98.0,98.0,98.0,98.0,98.0,97.0,98.0,98.0,98.0,97.0,98.0,97.0,98.0,98.0,98.0,98.0,98.0,91.0,91.1,12.1,4.0,4.0,3.0,1.0,2.0,5.1,4.1,1.0,3.0,1.0,1.0,3.0,3.1,1.0,1.0,2.0,2.0,6.2,2.0,2.0,1.0,2.0,2.0,2.0,2.0,3.0,1.0,25.0,2.0,1.0,3.0,3.0,68.3,2.0,0.0,3.0,2.0,1.0,4.0,2.0,1.0,3.0,2.0,11.0,3.0,2.1,5.0,2.0,3.1,5.9,3.0,2.1,3.0,100.0,100.0,7.2,7.3,7.2,8.2,6.3,7.2,5.2,5.3,6.2,6.2,8.2,6.2,9.1,7.2,7.1,14.3,7.3,10.2,8.1,4.2,6.1,5.2,5.2,3.2,4.2,6.1,6.2,4.2,5.2,5.2,11.3,7.1,6.2,9.1,9.2,9.0,5.2,5.2,4.2,6.1,7.3,6.2,6.1,5.2,5.2,3.2,5.2,4.3,6.2,6.2,5.2,8.2,8.1,8.2,92.1,11.3
1789504713.010,742714.703,54.04,98.62,9.46,100.00,100.0,100.0,100.0,100.0,100.0,100.0,100.0,100.0,100.0,100.0,100.0,100.0,100.0,100.0,100.0,100.0,100.0,100.0,100.0,100.0,100.0,100.0,100.0,100.0,100.0,100.0,100.0,100.0,100.0,100.0,100.0,100.0,100.0,100.0,100.0,100.0,100.0,100.0,100.0,100.0,100.0,100.0,100.0,100.0,100.0,100.0,100.0,100.0,100.0,100.0,100.0,100.0,100.0,100.0,41.8,80.0,100.0,100.0,100.0,100.0,100.0,100.0,100.0,100.0,100.0,100.0,100.0,100.0,100.0,100.0,100.0,100.0,100.0,100.0,100.0,100.0,100.0,100.0,100.0,100.0,100.0,100.0,100.0,100.0,100.0,100.0,100.0,100.0,100.0,100.0,100.0,100.0,100.0,100.0,100.0,100.0,100.0,100.0,100.0,100.0,100.0,100.0,100.0,100.0,100.0,100.0,100.0,100.0,100.0,100.0,87.0,36.4,5.1,4.0,3.1,1.0,4.0,2.0,2.1,3.1,8.0,2.0,4.0,4.0,5.0,4.0,3.0,6.0,4.0,2.0,3.0,3.0,5.0,8.0,3.0,3.0,4.0,3.0,1.0,3.0,3.0,3.0,2.0,2.0,2.0,8.0,3.0,3.0,2.0,2.0,3.0,5.1,3.0,6.9,3.1,4.0,2.0,18.2,50.5,3.1,6.1,5.0,4.1,2.1,7.1,6.1,100.0,100.0,10.3,9.2,9.3,8.2,7.1,8.2,10.3,25.3,6.3,9.1,6.2,10.1,7.4,17.3,4.3,26.5,8.2,7.2,7.3,8.2,7.1,6.2,8.2,7.1,6.1,6.2,7.2,4.2,8.2,8.2,6.2,6.2,5.2,4.2,7.2,5.3,7.1,6.2,6.1,4.2,7.1,22.7,7.1,6.2,6.2,7.1,6.1,8.2,8.0,6.2,6.2,8.2,7.2,7.3,67.0,84.2
1789504714.013,742715.706,53.28,98.88,7.68,100.00,100.0,100.0,100.0,100.0,100.0,100.0,100.0,100.0,100.0,100.0,100.0,100.0,100.0,100.0,100.0,100.0,100.0,100.0,100.0,100.0,100.0,100.0,100.0,100.0,100.0,100.0,100.0,100.0,100.0,100.0,100.0,100.0,100.0,100.0,100.0,100.0,100.0,100.0,100.0,100.0,100.0,100.0,100.0,100.0,100.0,100.0,100.0,100.0,100.0,100.0,100.0,100.0,100.0,100.0,41.2,88.2,100.0,100.0,100.0,100.0,100.0,100.0,100.0,100.0,100.0,100.0,100.0,100.0,100.0,100.0,100.0,100.0,100.0,100.0,100.0,100.0,100.0,100.0,100.0,100.0,100.0,100.0,100.0,100.0,100.0,100.0,100.0,100.0,100.0,100.0,100.0,100.0,100.0,100.0,100.0,100.0,100.0,100.0,100.0,100.0,100.0,100.0,100.0,100.0,100.0,100.0,100.0,100.0,100.0,100.0,91.3,54.0,8.9,3.0,1.0,1.0,1.0,1.0,2.0,1.0,2.0,3.0,1.0,2.0,2.0,3.1,9.1,0.0,2.0,1.0,3.0,0.0,2.0,1.0,0.0,2.0,3.0,2.0,5.9,4.0,3.0,4.0,2.0,2.0,1.0,2.0,3.0,0.0,2.0,1.0,1.0,1.0,1.0,9.2,2.0,6.0,2.0,8.0,33.0,4.0,49.0,1.0,2.0,4.0,4.0,1.0,99.0,100.0,12.2,5.2,10.4,5.2,7.1,5.2,7.1,11.1,6.1,9.3,6.1,6.2,6.1,3.2,7.1,4.1,5.1,5.2,6.1,7.1,9.2,4.1,5.2,4.1,5.1,3.1,5.2,5.1,3.1,5.1,3.1,2.1,5.1,5.9,5.1,6.0,5.1,6.1,4.1,3.1,5.1,5.0,5.1,5.1,5.0,3.1,4.1,5.1,4.1,7.0,6.1,5.1,4.1,7.1,63.3,81.6
1789504715.016,742716.709,53.08,99.19,6.96,100.00,100.0,100.0,100.0,100.0,100.0,100.0,100.0,100.0,100.0,100.0,100.0,100.0,100.0,100.0,100.0,100.0,100.0,100.0,100.0,100.0,100.0,100.0,100.0,100.0,100.0,100.0,100.0,100.0,100.0,100.0,100.0,100.0,100.0,100.0,100.0,100.0,100.0,100.0,100.0,100.0,100.0,100.0,100.0,100.0,100.0,100.0,100.0,100.0,100.0,100.0,100.0,100.0,100.0,100.0,32.0,96.0,100.0,100.0,100.0,100.0,100.0,100.0,100.0,100.0,100.0,100.0,100.0,100.0,100.0,100.0,100.0,100.0,100.0,100.0,100.0,100.0,100.0,100.0,100.0,100.0,100.0,100.0,100.0,100.0,100.0,100.0,100.0,100.0,100.0,100.0,100.0,100.0,100.0,100.0,100.0,100.0,100.0,100.0,100.0,100.0,100.0,100.0,100.0,100.0,100.0,100.0,100.0,100.0,100.0,100.0,91.9,89.9,6.9,8.1,3.0,3.9,1.0,2.0,1.0,4.0,5.0,1.0,3.0,3.0,3.0,5.0,7.1,3.9,2.0,3.0,2.0,3.0,1.0,1.0,2.0,2.0,0.0,2.0,15.2,2.9,2.0,2.0,13.1,3.0,3.0,2.0,2.0,3.0,1.0,0.0,6.0,1.0,1.0,11.9,2.0,6.9,2.9,10.9,3.0,0.0,2.0,3.9,2.0,0.0,3.0,4.0,67.3,100.0,5.2,6.1,5.1,5.1,7.1,4.1,5.1,5.1,7.9,5.1,4.1,4.0,4.1,5.1,3.1,5.1,4.1,4.0,3.1,4.1,4.1,6.0,4.0,4.1,3.1,4.0,5.0,5.0,5.1,3.1,5.0,4.0,4.0,2.0,3.1,6.0,5.1,5.1,5.1,4.1,5.0,4.0,4.0,3.0,4.0,5.0,3.1,6.9,6.0,5.2,6.0,5.1,5.1,7.1,74.0,96.0
1789504716.019,742717.712,52.59,99.18,6.00,100.00,100.0,100.0,100.0,100.0,100.0,100.0,100.0,100.0,100.0,100.0,100.0,100.0,100.0,100.0,100.0,100.0,100.0,100.0,100.0,100.0,100.0,100.0,100.0,100.0,100.0,100.0,100.0,100.0,100.0,100.0,100.0,100.0,100.0,100.0,100.0,100.0,100.0,100.0,100.0,100.0,100.0,100.0,100.0,100.0,100.0,100.0,100.0,100.0,100.0,100.0,100.0,100.0,100.0,100.0,34.3,98.0,100.0,100.0,100.0,100.0,100.0,100.0,100.0,100.0,100.0,100.0,100.0,100.0,100.0,100.0,100.0,100.0,100.0,100.0,100.0,100.0,100.0,100.0,100.0,100.0,100.0,100.0,100.0,100.0,100.0,100.0,100.0,100.0,100.0,100.0,100.0,100.0,100.0,100.0,100.0,100.0,100.0,100.0,100.0,100.0,100.0,100.0,100.0,100.0,100.0,100.0,100.0,100.0,100.0,100.0,89.9,86.0,9.1,0.0,4.1,1.0,1.0,3.0,1.0,2.0,3.0,1.0,2.9,1.0,1.0,1.0,6.0,0.0,1.0,0.0,1.0,2.0,0.0,3.0,0.0,1.0,2.0,2.0,1.0,1.0,1.0,0.0,0.0,1.0,2.0,0.0,2.0,3.0,3.0,2.0,2.0,4.0,2.0,0.0,0.0,1.0,1.0,0.0,0.0,0.0,2.0,1.0,1.0,2.0,3.0,4.0,66.0,100.0,7.1,7.1,6.1,5.1,4.1,5.1,5.1,5.1,4.1,2.1,5.1,5.1,4.0,5.0,4.0,4.1,5.1,4.0,6.0,4.1,4.0,4.1,4.0,6.0,4.1,3.1,5.1,4.1,4.0,5.1,3.1,3.1,4.0,3.0,3.0,3.1,5.1,3.1,5.0,5.0,3.1,5.1,2.1,3.1,3.0,9.0,4.0,6.1,6.1,5.1,3.1,6.1,7.0,5.1,78.0,93.1
1789504717.022,742718.715,53.30,99.16,7.45,100.00,100.0,100.0,100.0,100.0,100.0,100.0,100.0,100.0,100.0,100.0,100.0,100.0,100.0,100.0,100.0,100.0,100.0,100.0,100.0,100.0,100.0,100.0,100.0,100.0,100.0,100.0,100.0,100.0,100.0,100.0,100.0,100.0,100.0,100.0,100.0,100.0,100.0,100.0,100.0,100.0,100.0,100.0,100.0,100.0,100.0,100.0,100.0,100.0,100.0,100.0,100.0,100.0,100.0,100.0,36.7,99.0,100.0,100.0,100.0,100.0,100.0,100.0,100.0,100.0,100.0,100.0,100.0,100.0,100.0,100.0,100.0,100.0,100.0,100.0,100.0,100.0,100.0,100.0,100.0,100.0,100.0,100.0,100.0,100.0,100.0,100.0,100.0,100.0,100.0,100.0,100.0,100.0,100.0,100.0,100.0,100.0,100.0,100.0,100.0,100.0,100.0,100.0,100.0,100.0,100.0,100.0,100.0,100.0,100.0,100.0,81.2,88.9,16.2,3.0,8.0,2.0,2.0,1.0,1.0,0.0,2.0,2.0,2.0,1.0,3.0,2.0,2.0,2.0,2.0,4.9,3.0,3.0,2.0,1.0,4.0,2.0,2.0,2.0,1.0,1.0,2.0,5.9,4.0,1.0,1.0,2.0,2.0,4.0,2.0,0.0,0.0,2.0,1.0,2.0,2.0,0.0,2.0,3.0,2.0,3.0,2.0,3.0,3.0,2.0,4.0,7.1,98.0,100.0,9.1,9.1,8.1,6.0,5.1,6.1,5.2,4.1,5.1,6.1,9.0,5.1,4.1,5.1,5.1,6.1,5.1,3.1,4.1,5.1,5.1,5.1,6.0,4.1,4.1,5.1,5.1,4.1,4.1,4.1,4.1,6.9,4.1,6.1,5.1,3.1,5.1,5.1,3.1,6.1,3.1,6.2,13.9,6.0,4.1,3.1,12.0,45.0,5.1,7.1,7.0,6.1,5.1,6.2,56.0,100.0
1789504718.025,742719.718,53.50,99.46,7.54,100.00,100.0,100.0,100.0,100.0,100.0,100.0,100.0,100.0,100.0,100.0,100.0,100.0,100.0,100.0,100.0,100.0,100.0,100.0,100.0,100.0,100.0,100.0,100.0,100.0,100.0,100.0,100.0,100.0,100.0,100.0,100.0,100.0,100.0,100.0,100.0,100.0,100.0,100.0,100.0,100.0,100.0,100.0,100.0,100.0,100.0,100.0,100.0,100.0,100.0,100.0,100.0,100.0,100.0,100.0,100.0,100.0,100.0,100.0,100.0,100.0,100.0,100.0,100.0,100.0,100.0,100.0,100.0,100.0,100.0,100.0,100.0,100.0,100.0,100.0,100.0,100.0,100.0,100.0,100.0,100.0,100.0,100.0,100.0,100.0,100.0,100.0,100.0,100.0,100.0,100.0,100.0,100.0,100.0,100.0,100.0,100.0,100.0,100.0,100.0,100.0,100.0,100.0,100.0,100.0,100.0,100.0,100.0,100.0,100.0,100.0,83.2,56.4,16.2,6.1,4.0,5.1,6.1,6.9,3.0,2.0,1.0,2.0,3.0,1.0,0.0,2.0,3.0,2.0,2.0,0.0,2.0,50.5,4.1,2.0,0.0,1.0,0.0,2.0,3.0,1.0,1.0,2.0,1.0,2.0,3.0,1.0,2.0,2.0,1.0,3.0,4.0,3.0,0.0,3.0,2.0,8.0,2.0,1.0,2.0,1.0,2.0,2.0,4.0,5.0,4.0,2.0,100.0,100.0,10.1,4.0,6.1,6.1,3.1,7.0,6.0,5.1,5.1,3.1,8.2,6.1,5.1,3.1,7.1,6.2,4.1,5.1,4.1,8.0,7.1,5.1,18.6,7.1,5.1,5.1,6.1,6.1,4.1,7.1,5.2,10.1,5.1,7.1,8.2,8.2,5.1,7.1,4.0,5.1,5.1,10.0,4.1,6.0,7.1,5.1,10.2,4.1,5.1,7.1,5.1,7.1,8.0,11.1,43.6,62.0
1789504719.028,742720.722,52.66,99.26,6.06,100.00,100.0,100.0,100.0,100.0,100.0,100.0,100.0,100.0,100.0,100.0,100.0,100.0,100.0,100.0,100.0,100.0,100.0,100.0,100.0,100.0,100.0,100.0,100.0,100.0,100.0,100.0,100.0,100.0,100.0,100.0,100.0,100.0,100.0,100.0,100.0,100.0,100.0,100.0,100.0,100.0,100.0,100.0,100.0,100.0,100.0,100.0,100.0,100.0,100.0,100.0,100.0,100.0,100.0,100.0,85.1,100.0,100.0,100.0,100.0,100.0,100.0,100.0,100.0,100.0,100.0,100.0,100.0,100.0,100.0,100.0,100.0,100.0,100.0,100.0,100.0,100.0,100.0,100.0,100.0,100.0,100.0,100.0,100.0,100.0,100.0,100.0,100.0,100.0,100.0,100.0,100.0,100.0,100.0,100.0,100.0,100.0,100.0,100.0,100.0,100.0,100.0,100.0,100.0,100.0,100.0,100.0,100.0,100.0,100.0,100.0,33.3,99.0,10.9,4.0,4.0,2.0,2.0,0.0,1.0,1.0,0.0,0.0,1.0,1.0,0.0,1.0,2.0,1.0,2.0,1.0,3.0,1.0,2.0,10.0,2.0,0.0,2.0,3.0,3.0,4.0,2.0,1.0,4.0,0.0,1.0,2.0,8.0,3.0,0.0,2.0,1.0,2.0,0.0,0.0,2.0,0.0,1.0,12.0,2.0,2.0,3.0,0.0,0.0,2.0,1.0,1.0,98.0,100.0,7.0,4.1,5.1,3.1,5.0,7.1,2.1,3.0,4.0,4.0,4.0,5.1,3.1,4.0,4.1,5.0,4.0,5.0,10.1,4.1,8.1,4.1,3.0,4.1,4.1,4.1,4.1,3.1,3.0,3.1,5.1,4.1,4.0,3.0,4.0,4.0,6.1,6.0,4.1,4.1,4.1,4.1,3.1,4.1,4.1,1.0,4.1,2.0,4.0,4.0,4.1,4.1,5.1,6.1,99.0,33.3
1789504720.032,742721.725,53.13,98.70,7.57,100.00,100.0,100.0,100.0,100.0,100.0,100.0,100.0,100.0,100.0,100.0,100.0,100.0,100.0,100.0,100.0,100.0,100.0,100.0,100.0,100.0,100.0,100.0,100.0,100.0,100.0,100.0,100.0,100.0,100.0,100.0,100.0,100.0,100.0,100.0,100.0,100.0,100.0,100.0,100.0,100.0,100.0,100.0,100.0,100.0,100.0,100.0,100.0,100.0,100.0,100.0,100.0,100.0,100.0,100.0,28.3,100.0,100.0,100.0,100.0,100.0,100.0,100.0,100.0,100.0,100.0,100.0,100.0,100.0,100.0,100.0,100.0,100.0,100.0,100.0,100.0,100.0,100.0,100.0,100.0,100.0,100.0,100.0,100.0,100.0,100.0,100.0,100.0,100.0,100.0,100.0,100.0,100.0,100.0,100.0,100.0,100.0,100.0,100.0,100.0,100.0,100.0,100.0,100.0,100.0,100.0,100.0,100.0,100.0,100.0,100.0,71.3,54.5,3.0,4.0,5.0,2.0,4.0,4.9,2.0,2.0,1.0,2.0,4.0,2.0,2.0,1.0,0.0,2.0,1.0,1.0,0.0,1.0,3.0,1.0,2.0,2.0,0.0,0.0,2.0,1.0,3.0,1.0,9.9,2.0,2.0,2.0,8.1,1.0,2.0,2.0,1.0,1.0,1.0,1.0,0.0,0.0,1.0,1.0,4.0,2.0,1.0,47.5,2.0,8.9,1.0,2.0,98.0,100.0,5.1,10.1,5.1,4.1,5.1,3.1,4.1,4.1,5.1,3.1,9.1,5.1,5.0,4.0,4.1,3.1,5.0,3.1,5.1,4.0,6.0,4.0,3.1,6.1,3.1,5.1,5.1,6.0,5.1,5.1,5.1,4.1,4.1,6.0,4.1,4.0,6.0,5.1,4.1,4.1,6.0,4.1,23.5,6.1,5.1,11.0,4.1,4.0,4.1,3.1,4.0,14.1,5.1,6.1,97.0,98.0
1789504721.035,742722.728,53.46,98.78,8.13,100.00,100.0,100.0,100.0,100.0,100.0,100.0,100.0,100.0,100.0,100.0,100.0,100.0,100.0,100.0,100.0,100.0,100.0,100.0,100.0,100.0,100.0,100.0,100.0,100.0,100.0,100.0,100.0,100.0,100.0,100.0,100.0,100.0,100.0,100.0,100.0,100.0,100.0,100.0,100.0,100.0,100.0,100.0,100.0,100.0,100.0,100.0,100.0,100.0,100.0,100.0,100.0,100.0,100.0,100.0,32.0,100.0,100.0,100.0,100.0,100.0,100.0,100.0,100.0,100.0,100.0,100.0,100.0,100.0,100.0,100.0,100.0,100.0,100.0,100.0,100.0,100.0,100.0,100.0,100.0,100.0,100.0,100.0,100.0,100.0,100.0,100.0,100.0,100.0,100.0,100.0,100.0,100.0,100.0,100.0,100.0,100.0,100.0,100.0,100.0,100.0,100.0,100.0,100.0,100.0,100.0,100.0,100.0,100.0,100.0,100.0,93.9,37.8,2.0,13.0,3.0,2.0,6.0,2.0,2.0,3.0,3.0,2.0,2.0,3.0,2.0,1.0,3.9,5.0,2.0,3.0,4.0,4.9,4.0,1.0,2.0,3.0,2.0,2.0,2.0,7.9,1.0,1.0,2.0,3.0,2.0,2.0,5.9,2.0,0.0,2.0,1.0,3.0,2.0,3.0,2.0,4.0,5.0,3.0,2.0,3.0,2.0,2.0,2.0,5.1,0.0,1.0,98.0,100.0,8.1,5.1,7.0,7.0,8.1,6.0,4.1,6.1,4.1,5.1,5.1,4.1,6.1,3.1,5.1,5.1,4.1,6.1,5.0,4.1,6.1,3.1,4.1,4.0,4.1,5.1,5.2,4.1,5.1,6.1,7.1,5.1,5.1,3.1,4.1,4.0,3.1,5.1,5.0,5.1,4.0,6.1,99.0,6.1,3.1,6.1,4.0,6.0,7.1,7.0,6.1,3.1,5.1,6.1,88.1,100.0
1789504722.039,742723.732,51.09,95.18,7.00,96.38,98.0,96.0,96.0,97.0,97.0,97.0,96.0,96.0,97.0,96.0,97.0,96.0,96.0,96.0,97.0,96.0,96.0,97.0,97.0,96.0,96.0,97.0,96.1,96.0,97.0,97.0,97.0,96.1,96.0,96.0,97.0,97.0,97.0,96.0,97.0,97.0,96.0,97.0,96.0,97.0,97.0,96.0,97.0,96.0,97.0,96.0,97.0,96.0,97.0,96.0,96.0,96.0,96.0,97.0,28.0,87.1,97.0,96.0,97.0,96.0,96.0,97.0,96.0,96.1,96.0,97.0,97.0,97.0,96.0,97.0,96.1,97.0,96.0,96.0,96.0,96.0,96.0,96.0,96.0,96.0,97.0,96.0,96.0,96.0,96.0,96.0,96.0,96.0,96.0,96.0,96.0,96.0,96.0,96.0,96.0,96.0,96.0,96.0,97.0,96.0,96.0,96.0,97.0,96.0,97.0,96.0,96.0,96.0,96.0,96.0,91.2,45.5,5.0,1.0,3.0,1.0,2.0,3.0,1.0,2.0,1.0,3.0,0.0,0.0,2.0,3.0,1.0,7.9,2.0,2.0,3.0,0.0,2.0,3.9,0.0,1.0,0.0,2.0,1.0,0.0,3.0,2.0,2.0,2.0,1.0,2.0,2.0,1.0,1.0,1.0,1.0,1.0,1.0,3.0,1.0,3.9,0.0,2.0,1.0,2.0,1.0,1.0,2.0,2.0,3.0,2.0,77.8,100.0,5.2,5.1,6.1,5.2,4.1,4.1,3.1,4.0,5.1,4.0,3.1,5.1,3.1,5.1,3.1,4.1,3.1,3.1,4.1,4.0,4.1,5.0,5.0,3.1,4.0,4.0,5.0,4.0,3.1,4.1,5.1,5.1,4.1,3.1,5.0,4.1,4.1,4.0,4.1,4.0,3.1,4.0,100.0,4.0,4.1,3.1,2.1,4.1,6.0,5.1,5.1,4.1,7.0,6.1,95.0,89.1
1789504723.044,742724.737,53.89,99.08,8.70,100.00,100.0,100.0,100.0,100.0,100.0,100.0,100.0,100.0,100.0,100.0,100.0,100.0,100.0,100.0,100.0,100.0,100.0,100.0,100.0,100.0,100.0,100.0,100.0,100.0,100.0,100.0,100.0,100.0,100.0,100.0,100.0,100.0,100.0,100.0,100.0,100.0,100.0,100.0,100.0,100.0,100.0,100.0,100.0,100.0,100.0,100.0,100.0,100.0,100.0,100.0,100.0,100.0,100.0,100.0,35.4,87.0,100.0,100.0,100.0,100.0,100.0,100.0,100.0,100.0,100.0,100.0,100.0,100.0,100.0,100.0,100.0,100.0,100.0,100.0,100.0,100.0,100.0,100.0,100.0,100.0,100.0,100.0,100.0,100.0,100.0,100.0,100.0,100.0,100.0,100.0,100.0,100.0,100.0,100.0,100.0,100.0,100.0,100.0,100.0,100.0,100.0,100.0,100.0,100.0,100.0,100.0,100.0,100.0,100.0,100.0,86.9,88.1,9.0,11.1,5.0,1.0,2.0,1.0,2.0,2.1,3.0,1.0,2.0,2.0,2.0,2.1,2.0,1.0,3.0,4.0,1.0,4.0,7.1,2.1,3.0,2.0,3.0,2.0,3.0,4.0,4.0,26.0,1.0,2.0,3.1,3.0,3.0,2.0,3.0,3.0,2.0,2.1,1.0,1.0,1.0,0.0,4.0,2.0,4.0,4.1,2.0,14.9,2.0,4.0,4.0,1.0,82.0,100.0,8.2,7.1,7.3,7.2,23.5,7.2,8.1,6.2,6.3,6.2,7.1,5.2,7.1,7.1,8.1,8.0,5.2,7.1,6.2,8.1,8.1,8.2,6.2,6.1,6.1,7.1,6.2,6.2,7.2,6.2,7.2,7.2,8.1,10.3,7.2,4.2,6.2,4.2,6.2,7.3,5.2,23.2,100.0,6.2,8.2,5.2,7.1,5.2,7.4,6.2,8.2,9.1,4.2,8.2,22.4,88.1
1789504724.047,742725.741,53.37,98.42,8.33,100.00,100.0,100.0,100.0,100.0,100.0,100.0,100.0,100.0,100.0,100.0,100.0,100.0,100.0,100.0,100.0,100.0,100.0,100.0,100.0,100.0,100.0,100.0,100.0,100.0,100.0,100.0,100.0,100.0,100.0,100.0,100.0,100.0,100.0,100.0,100.0,100.0,100.0,100.0,100.0,100.0,100.0,100.0,100.0,100.0,100.0,100.0,100.0,100.0,100.0,100.0,100.0,100.0,100.0,100.0,35.7,76.8,100.0,100.0,100.0,100.0,100.0,100.0,100.0,100.0,100.0,100.0,100.0,100.0,100.0,100.0,100.0,100.0,100.0,100.0,100.0,100.0,100.0,100.0,100.0,100.0,100.0,100.0,100.0,100.0,100.0,100.0,100.0,100.0,100.0,100.0,100.0,100.0,100.0,100.0,100.0,100.0,100.0,100.0,100.0,100.0,100.0,100.0,100.0,100.0,100.0,100.0,100.0,100.0,100.0,100.0,20.4,89.9,1.0,1.0,1.0,5.0,4.0,3.0,1.0,5.0,4.0,3.0,1.0,3.0,2.0,5.9,2.0,3.0,1.0,2.0,3.0,4.0,3.0,2.0,3.0,2.1,4.0,2.0,2.0,4.0,2.0,2.0,1.0,1.0,2.0,2.0,1.0,2.0,1.0,0.0,0.0,3.0,2.0,0.0,2.0,1.0,2.0,3.0,3.0,2.0,3.0,3.0,3.0,2.0,3.0,3.0,86.0,100.0,7.1,8.2,8.2,6.2,7.1,6.2,5.2,7.1,7.1,5.1,6.1,7.1,4.2,5.2,5.2,6.2,4.1,6.2,8.0,5.2,5.2,5.2,5.2,6.1,6.1,5.2,6.1,5.2,7.1,5.1,8.1,7.1,4.2,5.2,5.2,6.1,7.2,5.2,5.2,5.2,6.1,5.2,100.0,6.1,6.2,12.0,6.2,9.3,7.1,7.1,7.2,8.2,6.2,6.2,97.0,90.9
1789504725.051,742726.744,53.78,98.94,8.62,100.00,100.0,100.0,100.0,100.0,100.0,100.0,100.0,100.0,100.0,100.0,100.0,100.0,100.0,100.0,100.0,100.0,100.0,100.0,100.0,100.0,100.0,100.0,100.0,100.0,100.0,100.0,100.0,100.0,100.0,100.0,100.0,100.0,100.0,100.0,100.0,100.0,100.0,100.0,100.0,100.0,100.0,100.0,100.0,100.0,100.0,100.0,100.0,100.0,100.0,100.0,100.0,100.0,100.0,100.0,51.5,88.1,100.0,100.0,100.0,100.0,100.0,100.0,100.0,100.0,100.0,100.0,100.0,100.0,100.0,100.0,100.0,100.0,100.0,100.0,100.0,100.0,100.0,100.0,100.0,100.0,100.0,100.0,100.0,100.0,100.0,100.0,100.0,100.0,100.0,100.0,100.0,100.0,100.0,100.0,100.0,100.0,100.0,100.0,100.0,100.0,100.0,100.0,100.0,100.0,100.0,100.0,100.0,100.0,100.0,100.0,50.5,91.1,7.9,3.0,10.9,3.0,1.0,3.0,3.0,2.0,3.0,1.0,2.0,3.1,5.0,3.0,1.0,2.0,4.0,3.0,1.0,1.0,2.0,4.9,4.0,6.9,24.2,5.9,4.0,5.0,3.0,4.0,3.0,3.0,2.0,2.9,4.0,4.0,3.0,2.0,1.0,2.0,2.0,3.0,2.0,3.0,3.0,3.0,3.0,3.0,4.0,2.0,3.0,2.0,0.0,3.0,97.0,90.0,10.1,7.2,7.9,7.0,6.2,6.1,10.0,6.1,4.1,6.1,5.1,4.1,7.0,4.1,7.1,6.1,6.1,6.0,4.1,5.1,6.1,5.1,6.1,5.1,4.1,5.1,5.2,8.1,4.1,7.1,5.1,6.1,4.1,5.1,6.1,6.0,6.0,8.0,4.1,7.0,6.1,5.1,100.0,6.1,7.0,6.2,7.1,5.1,7.1,7.1,8.1,6.1,7.1,7.1,89.1,75.0
1789504726.054,742727.747,53.08,99.28,6.88,100.00,100.0,100.0,100.0,100.0,100.0,100.0,100.0,100.0,100.0,100.0,100.0,100.0,100.0,100.0,100.0,100.0,100.0,100.0,100.0,100.0,100.0,100.0,100.0,100.0,100.0,100.0,100.0,100.0,100.0,100.0,100.0,100.0,100.0,100.0,100.0,100.0,100.0,100.0,100.0,100.0,100.0,100.0,100.0,100.0,100.0,100.0,100.0,100.0,100.0,100.0,100.0,100.0,100.0,100.0,99.0,100.0,100.0,100.0,100.0,100.0,100.0,100.0,100.0,100.0,100.0,100.0,100.0,100.0,100.0,100.0,100.0,100.0,100.0,100.0,100.0,100.0,100.0,100.0,100.0,100.0,100.0,100.0,100.0,100.0,100.0,100.0,100.0,100.0,100.0,100.0,100.0,100.0,100.0,100.0,100.0,100.0,100.0,100.0,100.0,100.0,100.0,100.0,100.0,100.0,100.0,100.0,100.0,100.0,100.0,100.0,39.6,80.2,11.0,0.0,2.0,3.0,1.0,3.9,1.0,1.0,1.0,3.0,1.0,3.0,0.0,5.1,2.0,2.0,0.0,1.0,2.0,2.0,3.0,1.0,2.0,2.0,3.0,2.0,1.0,0.0,3.0,0.0,0.0,2.0,1.0,4.0,2.0,4.0,3.0,3.0,2.0,0.0,2.0,2.0,1.0,2.0,2.0,1.0,2.0,2.0,0.0,2.0,0.0,2.0,14.9,0.0,99.0,95.0,4.2,6.0,7.2,4.0,4.1,4.1,3.1,3.1,6.1,6.1,5.0,4.2,3.1,5.0,3.1,2.1,3.1,4.0,4.1,4.0,4.0,3.0,3.1,4.0,3.1,5.0,7.0,5.1,3.0,3.1,3.1,2.1,5.9,3.0,3.0,3.0,2.0,3.0,2.0,4.1,3.1,3.1,88.0,5.1,3.0,4.0,3.1,3.1,4.1,5.1,4.1,6.1,6.1,40.0,72.4,52.5
1789504727.058,742728.751,52.93,99.38,6.48,100.00,100.0,100.0,100.0,100.0,100.0,100.0,100.0,100.0,100.0,100.0,100.0,100.0,100.0,100.0,100.0,100.0,100.0,100.0,100.0,100.0,100.0,100.0,100.0,100.0,100.0,100.0,100.0,100.0,100.0,100.0,100.0,100.0,100.0,100.0,100.0,100.0,100.0,100.0,100.0,100.0,100.0,100.0,100.0,100.0,100.0,100.0,100.0,100.0,100.0,100.0,100.0,100.0,100.0,100.0,100.0,100.0,100.0,100.0,100.0,100.0,100.0,100.0,100.0,100.0,100.0,100.0,100.0,100.0,100.0,100.0,100.0,100.0,100.0,100.0,100.0,100.0,100.0,100.0,100.0,100.0,100.0,100.0,100.0,100.0,100.0,100.0,100.0,100.0,100.0,100.0,100.0,100.0,100.0,100.0,100.0,100.0,100.0,100.0,100.0,100.0,100.0,100.0,100.0,100.0,100.0,100.0,100.0,100.0,100.0,100.0,48.0,82.8,9.0,8.9,4.0,0.0,0.0,3.0,2.0,1.0,1.0,2.0,1.0,2.0,2.0,7.0,2.0,1.0,0.0,1.0,3.0,1.0,0.0,2.0,1.0,1.0,5.0,2.0,2.0,2.0,0.0,1.0,0.0,1.0,0.0,2.0,1.0,1.0,2.0,2.0,5.0,2.9,0.0,1.0,1.0,1.0,0.0,1.0,1.0,0.0,0.0,1.0,1.0,2.0,35.0,0.0,99.0,99.0,6.9,4.1,3.1,4.1,8.0,4.0,4.0,3.1,4.1,5.0,3.1,6.1,4.0,3.1,4.1,4.0,5.0,2.1,3.0,3.1,4.1,4.0,5.0,3.0,3.1,5.0,5.0,3.1,4.0,2.1,3.1,6.1,3.1,4.0,5.0,4.0,4.1,1.0,63.0,6.0,3.1,3.0,2.0,4.0,2.0,4.1,4.0,4.0,6.1,5.1,6.1,7.0,5.1,6.1,98.0,17.8
1789504728.061,742729.754,53.77,99.01,8.53,100.00,100.0,100.0,100.0,100.0,100.0,100.0,100.0,100.0,100.0,100.0,100.0,100.0,100.0,100.0,100.0,100.0,100.0,100.0,100.0,100.0,100.0,100.0,100.0,100.0,100.0,100.0,100.0,100.0,100.0,100.0,100.0,100.0,100.0,100.0,100.0,100.0,100.0,100.0,100.0,100.0,100.0,100.0,100.0,100.0,100.0,100.0,100.0,100.0,100.0,100.0,100.0,100.0,100.0,100.0,100.0,93.1,100.0,100.0,100.0,100.0,100.0,100.0,100.0,100.0,100.0,100.0,100.0,100.0,100.0,100.0,100.0,100.0,100.0,100.0,100.0,100.0,100.0,100.0,100.0,100.0,100.0,100.0,100.0,100.0,100.0,100.0,100.0,100.0,100.0,100.0,100.0,100.0,100.0,100.0,100.0,100.0,100.0,100.0,100.0,100.0,100.0,100.0,100.0,100.0,100.0,100.0,100.0,100.0,100.0,100.0,36.4,59.4,7.1,4.0,2.0,3.0,2.0,1.0,3.1,5.9,1.0,1.0,3.0,2.0,4.0,4.0,5.1,2.0,3.0,2.0,2.1,2.0,3.0,7.1,3.0,1.0,2.0,3.0,3.0,3.0,2.0,3.0,4.0,4.0,5.1,8.0,4.0,2.0,2.0,5.9,2.0,2.0,37.6,3.0,2.0,4.0,3.0,2.0,3.0,5.0,5.8,2.0,4.0,1.0,4.0,4.9,99.0,84.7,9.2,7.1,7.1,7.0,6.2,6.0,5.1,8.0,3.1,4.1,7.0,4.1,5.0,6.1,5.2,6.0,5.0,5.1,4.1,6.1,8.0,4.0,5.1,4.1,4.0,6.1,4.1,4.1,5.1,5.1,5.0,7.0,5.1,4.1,3.1,5.1,4.0,6.1,100.0,4.1,4.1,6.0,4.0,5.1,6.1,5.0,10.9,3.0,6.1,3.1,6.9,5.1,8.9,10.1,88.0,80.0
1789504729.064,742730.757,53.15,98.72,7.59,100.00,100.0,100.0,100.0,100.0,100.0,100.0,100.0,100.0,100.0,100.0,100.0,100.0,100.0,100.0,100.0,100.0,100.0,100.0,100.0,100.0,100.0,100.0,100.0,100.0,100.0,100.0,100.0,100.0,100.0,100.0,100.0,100.0,100.0,100.0,100.0,100.0,100.0,100.0,100.0,100.0,100.0,100.0,100.0,100.0,100.0,100.0,100.0,100.0,100.0,100.0,100.0,100.0,100.0,100.0,100.0,29.6,100.0,100.0,100.0,100.0,100.0,100.0,100.0,100.0,100.0,100.0,100.0,100.0,100.0,100.0,100.0,100.0,100.0,100.0,100.0,100.0,100.0,100.0,100.0,100.0,100.0,100.0,100.0,100.0,100.0,100.0,100.0,100.0,100.0,100.0,100.0,100.0,100.0,100.0,100.0,100.0,100.0,100.0,100.0,100.0,100.0,100.0,100.0,100.0,100.0,100.0,100.0,100.0,100.0,100.0,26.5,100.0,7.0,0.0,0.0,1.0,2.0,1.0,13.9,1.0,2.0,1.0,1.0,0.0,1.0,4.0,1.0,0.0,2.0,3.0,3.9,2.0,1.0,1.0,0.0,0.0,0.0,9.1,0.0,0.0,2.0,0.0,1.0,3.0,2.0,1.0,0.0,3.0,1.0,1.0,1.0,2.0,17.2,2.0,2.0,0.0,2.0,1.0,4.0,2.0,0.0,2.0,0.0,2.0,1.0,1.0,91.0,98.0,9.2,8.1,5.1,4.1,8.2,5.2,7.1,4.1,4.0,2.1,4.1,5.0,4.0,4.0,4.0,3.1,5.1,4.0,4.0,5.2,4.1,3.1,4.0,3.1,4.0,4.0,3.1,5.9,4.0,4.0,9.1,3.1,4.1,4.1,4.1,3.1,3.1,4.0,100.0,5.0,4.0,2.1,2.1,4.1,3.1,4.0,4.1,13.1,9.0,6.1,5.1,3.1,5.1,7.1,99.0,100.0
1789504730.067,742731.760,53.10,98.85,7.35,100.00,100.0,100.0,100.0,100.0,100.0,100.0,100.0,100.0,100.0,100.0,100.0,100.0,100.0,100.0,100.0,100.0,100.0,100.0,100.0,100.0,100.0,100.0,100.0,100.0,100.0,100.0,100.0,100.0,100.0,100.0,100.0,100.0,100.0,100.0,100.0,100.0,100.0,100.0,100.0,100.0,100.0,100.0,100.0,100.0,100.0,100.0,100.0,100.0,100.0,100.0,100.0,100.0,100.0,100.0,100.0,30.3,100.0,100.0,100.0,100.0,100.0,100.0,100.0,100.0,100.0,100.0,100.0,100.0,100.0,100.0,100.0,100.0,100.0,100.0,100.0,100.0,100.0,100.0,100.0,100.0,100.0,100.0,100.0,100.0,100.0,100.0,100.0,100.0,100.0,100.0,100.0,100.0,100.0,100.0,100.0,100.0,100.0,100.0,100.0,100.0,100.0,100.0,100.0,100.0,100.0,100.0,100.0,100.0,100.0,100.0,79.0,61.6,8.1,2.0,2.0,2.0,1.0,2.0,10.0,1.0,2.0,1.0,1.0,3.9,1.0,0.0,2.0,3.0,1.0,3.0,0.0,1.0,1.0,0.0,0.0,1.0,1.0,10.1,3.0,1.0,1.0,1.0,1.0,1.0,1.0,2.0,2.0,1.0,2.0,1.0,2.0,1.0,1.0,2.0,2.0,3.0,1.0,2.0,2.0,3.0,3.0,0.0,2.0,1.0,2.0,1.0,88.1,99.0,8.2,8.1,6.1,8.1,17.0,7.1,5.1,4.1,5.1,4.0,3.1,4.1,3.1,2.1,4.0,4.0,3.1,4.0,3.1,5.1,4.1,5.1,5.1,7.0,3.1,4.1,4.0,4.1,4.1,3.1,3.1,4.0,4.0,5.0,4.0,3.1,4.1,4.0,100.0,5.1,5.1,3.0,5.0,4.1,3.1,3.1,3.1,3.0,2.0,5.1,4.0,5.0,4.1,6.1,86.7,100.0
1789504731.071,742732.764,53.04,98.94,7.13,100.00,100.0,100.0,100.0,100.0,100.0,100.0,100.0,100.0,100.0,100.0,100.0,100.0,100.0,100.0,100.0,100.0,100.0,100.0,100.0,100.0,100.0,100.0,100.0,100.0,100.0,100.0,100.0,100.0,100.0,100.0,100.0,100.0,100.0,100.0,100.0,100.0,100.0,100.0,100.0,100.0,100.0,100.0,100.0,100.0,100.0,100.0,100.0,100.0,100.0,100.0,100.0,100.0,100.0,100.0,100.0,32.0,100.0,100.0,100.0,100.0,100.0,100.0,100.0,100.0,100.0,100.0,100.0,100.0,100.0,100.0,100.0,100.0,100.0,100.0,100.0,100.0,100.0,100.0,100.0,100.0,100.0,100.0,100.0,100.0,100.0,100.0,100.0,100.0,100.0,100.0,100.0,100.0,100.0,100.0,100.0,100.0,100.0,100.0,100.0,100.0,100.0,100.0,100.0,100.0,100.0,100.0,100.0,100.0,100.0,100.0,98.0,51.5,5.0,1.0,0.0,3.0,4.0,2.0,2.0,4.0,2.0,1.0,0.0,3.0,2.0,3.0,2.0,1.0,3.0,0.0,0.0,0.0,2.0,1.0,3.9,1.0,0.0,3.0,0.0,2.0,0.0,1.0,2.0,2.0,0.0,1.0,2.0,3.0,1.0,2.0,1.0,2.0,1.0,3.0,1.0,1.0,1.0,1.0,2.0,3.0,2.0,1.0,3.0,2.0,1.0,2.0,96.0,99.0,6.9,7.1,7.1,7.1,6.0,5.2,7.2,7.0,6.1,3.1,4.0,5.1,5.1,4.0,4.0,4.1,3.1,2.1,5.0,5.1,4.1,4.1,2.1,6.1,4.1,3.1,6.0,4.1,4.0,5.1,4.0,5.1,6.0,4.0,4.0,3.1,3.0,4.0,100.0,4.1,4.0,5.1,4.0,4.0,6.9,2.1,3.1,3.1,4.1,3.1,3.1,4.1,5.1,7.1,68.6,100.0
1789504732.074,742733.767,53.05,98.86,7.24,100.00,100.0,100.0,100.0,100.0,100.0,100.0,100.0,100.0,100.0,100.0,100.0,100.0,100.0,100.0,100.0,100.0,100.0,100.0,100.0,100.0,100.0,100.0,100.0,100.0,100.0,100.0,100.0,100.0,100.0,100.0,100.0,100.0,100.0,100.0,100.0,100.0,100.0,100.0,100.0,100.0,100.0,100.0,100.0,100.0,100.0,100.0,100.0,100.0,100.0,100.0,100.0,100.0,100.0,100.0,100.0,33.7,100.0,100.0,100.0,100.0,100.0,100.0,100.0,100.0,100.0,100.0,100.0,100.0,100.0,100.0,100.0,100.0,100.0,100.0,100.0,100.0,100.0,100.0,100.0,100.0,100.0,100.0,100.0,100.0,100.0,100.0,100.0,100.0,100.0,100.0,100.0,100.0,100.0,100.0,100.0,100.0,100.0,100.0,100.0,100.0,100.0,100.0,100.0,100.0,100.0,100.0,100.0,100.0,100.0,100.0,44.4,94.1,4.0,2.0,1.0,1.0,2.0,1.0,2.0,2.0,2.9,2.0,2.0,0.0,1.0,0.0,0.0,1.0,1.0,1.0,0.0,2.0,0.0,3.0,0.0,1.0,3.9,0.0,2.0,1.0,0.0,1.0,0.0,5.1,0.0,4.0,4.0,0.0,2.0,2.0,5.0,0.0,0.0,3.0,1.0,2.0,1.0,1.0,3.0,2.0,3.0,2.0,2.0,3.1,3.0,3.0,99.0,99.0,5.2,7.1,10.1,5.1,5.1,6.1,5.1,4.1,5.1,5.0,4.0,2.1,4.1,5.0,8.0,5.0,5.1,4.0,4.0,3.1,5.0,4.0,5.9,4.0,4.0,4.0,3.1,6.0,4.0,4.0,3.0,4.0,4.0,2.1,5.1,5.0,5.0,3.1,100.0,4.0,4.0,4.0,3.1,5.0,3.0,4.0,5.0,5.9,3.0,6.1,5.0,5.1,6.1,6.1,74.7,100.0
1789504733.076,742734.769,37.58,68.22,6.94,68.40,83.2,69.0,68.0,68.0,68.6,68.0,68.0,68.3,68.0,68.0,68.3,68.3,68.0,69.0,68.3,67.7,68.0,68.0,68.6,68.3,68.3,68.0,68.0,68.3,68.0,68.0,68.0,68.3,69.0,68.0,68.3,68.3,68.0,68.3,68.3,68.3,68.3,68.0,67.7,68.0,67.7,68.0,68.0,68.7,68.3,68.0,68.3,69.0,68.0,68.0,68.7,68.3,68.3,68.3,100.0,40.6,68.0,68.7,68.6,69.3,69.0,68.0,68.3,68.3,68.0,68.3,68.3,68.3,68.3,68.0,68.0,68.0,68.3,68.0,68.3,68.0,69.0,67.7,69.0,68.3,68.0,67.7,68.0,68.7,68.0,68.3,68.7,68.3,68.3,68.7,68.0,68.3,68.3,68.0,68.3,68.3,68.3,68.7,68.3,68.3,68.3,68.0,68.3,68.3,68.3,68.0,68.3,68.3,68.0,69.0,47.0,65.0,38.4,2.0,4.0,4.0,2.0,1.0,5.1,1.0,0.0,14.1,3.0,2.0,1.0,0.0,2.0,1.0,2.0,3.0,2.0,3.0,2.0,1.0,2.0,1.0,1.0,2.0,3.0,0.0,2.0,1.0,2.0,2.9,1.0,0.0,2.0,2.0,3.0,2.0,2.0,1.0,2.0,2.0,2.0,0.0,2.0,2.0,3.0,3.0,2.0,1.0,4.0,2.0,3.0,1.0,76.7,80.4,5.1,7.1,4.1,5.1,3.1,4.1,5.1,6.1,3.1,4.0,4.1,2.1,5.0,4.0,2.0,3.1,2.0,5.1,2.1,34.3,5.1,3.1,2.0,4.0,2.1,3.0,4.0,3.1,3.1,3.1,5.0,4.1,2.0,5.9,3.1,3.1,3.1,4.0,68.3,18.6,2.0,5.1,2.0,3.0,2.0,2.0,3.1,6.1,5.1,4.0,4.1,6.0,8.0,4.1,78.2,73.0
1789504734.078,742735.771,3.58,2.72,4.45,0.65,25.0,0.0,1.0,0.0,1.0,0.0,0.0,1.0,2.0,0.0,0.0,1.0,0.0,0.0,1.0,2.0,0.0,2.0,1.0,0.0,1.0,0.0,0.0,0.0,0.0,1.0,1.0,0.0,0.0,1.0,1.0,0.0,0.0,2.0,5.0,0.0,0.0,0.0,1.0,1.0,0.0,1.0,1.0,1.0,1.0,0.0,1.0,0.0,2.0,2.0,0.0,0.0,0.0,0.0,100.0,56.4,6.0,2.0,0.0,0.0,0.0,0.0,0.0,0.0,0.0,0.0,0.0,0.0,0.0,0.0,0.0,0.0,0.0,0.0,1.0,0.0,0.0,0.0,0.0,0.0,0.0,0.0,0.0,0.0,0.0,0.0,0.0,0.0,0.0,0.0,1.0,0.0,0.0,0.0,0.0,0.0,0.0,0.0,0.0,0.0,0.0,0.0,0.0,0.0,0.0,0.0,0.0,0.0,0.0,0.0,37.4,40.8,3.0,2.0,1.0,2.0,2.0,2.0,2.0,2.0,2.0,0.0,1.0,2.0,2.0,3.0,2.0,2.9,2.0,1.0,2.0,2.0,1.0,2.0,1.0,2.0,3.0,2.0,1.0,2.0,1.0,2.0,1.0,0.0,1.0,2.9,2.0,1.0,2.0,1.0,2.0,1.0,2.0,1.0,1.0,3.0,2.0,1.0,1.0,2.0,4.0,2.0,1.0,1.0,1.0,2.0,47.5,57.4,3.0,2.0,6.0,4.0,2.0,4.9,2.0,2.0,2.0,3.0,1.0,3.0,0.0,0.0,3.0,2.0,4.9,2.0,3.0,2.0,2.0,3.0,4.0,1.0,2.0,2.0,3.0,3.0,3.0,2.0,1.0,1.0,4.0,2.0,1.0,3.0,1.0,3.0,2.0,100.0,2.0,3.0,3.0,1.0,0.0,3.0,3.0,8.0,1.0,4.0,3.0,1.0,3.0,3.0,37.8,29.7
1789504735.079,742736.773,3.01,2.54,3.49,0.43,24.8,1.0,0.0,0.0,0.0,0.0,0.0,0.0,0.0,0.0,0.0,0.0,0.0,1.0,0.0,1.0,0.0,0.0,0.0,1.0,0.0,0.0,2.9,0.0,0.0,1.0,0.0,0.0,0.0,0.0,0.0,0.0,0.0,2.0,0.0,0.0,0.0,0.0,0.0,0.0,1.0,0.0,0.0,0.0,0.0,0.0,0.0,1.0,0.0,0.0,0.0,1.0,0.0,0.0,100.0,56.9,1.0,1.0,0.0,1.0,1.0,0.0,0.0,0.0,0.0,0.0,1.0,0.0,0.0,0.0,0.0,0.0,0.0,0.0,0.0,0.0,0.0,0.0,0.0,0.0,0.0,0.0,0.0,0.0,0.0,0.0,0.0,0.0,0.0,0.0,0.0,1.0,1.0,2.0,0.0,0.0,0.0,0.0,0.0,0.0,0.0,0.0,0.0,0.0,0.0,0.0,0.0,0.0,0.0,0.0,41.6,39.2,0.0,0.0,1.0,0.0,2.0,0.0,0.0,1.0,0.0,2.0,1.0,1.0,0.0,0.0,1.0,0.0,1.0,1.0,1.0,0.0,1.0,1.0,2.0,1.0,0.0,0.0,1.0,0.0,0.0,0.0,0.0,0.0,0.0,0.0,1.0,1.0,0.0,1.0,0.0,0.0,0.0,1.0,0.0,0.0,1.0,2.0,0.0,1.0,0.0,1.0,0.0,0.0,0.0,0.0,46.5,54.9,1.0,4.0,0.0,2.0,4.0,1.0,2.0,3.0,2.0,2.0,3.9,1.0,2.0,4.9,0.0,0.0,1.0,3.0,1.0,2.0,1.0,2.0,2.0,3.0,1.0,0.0,1.0,0.0,2.0,2.0,1.0,2.0,1.0,0.0,3.0,2.0,3.0,2.0,0.0,100.0,2.0,1.0,0.0,1.0,3.0,0.0,2.0,0.0,3.0,1.0,2.0,4.0,2.0,2.0,37.1,34.3
